"Overall analyses: data partitioned by mutating triplet, transition/transversion, site type and allele frequency in humans"													
													
P1 = Yoruba													
P2 = French													
chromosomes 1 to 1													
													
Table2. Transition : transversion ratios in different scenarios													
													
Scenario	Humans	N_Mu	TV	TS	ratio								
AAABA	mono	1	8348	16264	1.94825								
AABAA	mono	1	1305	2466	1.88966								
ABAAA	mono	1	1342	2452	1.82712								
BAAAA	mono	1	145	328	2.26207								
ABBAA	mono	1	2979	6108	2.05035								
PAAAA	poly	1	789854	1713099	2.16888								
PAABA	poly	2	8774	20923	2.38466								
PABAA	poly	2	524	1518	2.89695								
PBAAA	poly	2	1085	2415	2.22581								
PBBBA	poly	2	19061	79850	4.18918								
PBBAA	poly	2	10888	24968	2.29317								
													
													
Figure 7. Proportions of triplets that have likely mutated once versus twice 													
													
	AABAA		PAAAA		PBBBA								
Triplet	TV	TS	TV	TS	TV	TS							
AAA	0.0436782	0.026764	0.0374335	0.0218791	0.0401343	0.013325							
AAC	0.0306513	0.0186537	0.0217888	0.0208353	0.0342584	0.0139136							
AAG	0.0298851	0.0178427	0.0302132	0.0216368	0.026389	0.0162179							
AAT	0.0275862	0.0454177	0.0323756	0.0485547	0.0351503	0.0362805							
CAA	0.0183908	0.0223033	0.026691	0.0183591	0.0271234	0.0156794							
CAC	0.0283525	0.0174371	0.0258592	0.0194542	0.0251823	0.0178835							
CAG	0.0291188	0.0324412	0.0317236	0.0287888	0.0250774	0.0258986							
CAT	0.0490421	0.0498783	0.0428003	0.0552332	0.0349929	0.0479399							
GAA	0.0191571	0.0129765	0.0233512	0.0149787	0.0261791	0.0116844							
GAC	0.0168582	0.00973236	0.0164043	0.0116327	0.0224018	0.00971822							
GAG	0.0252874	0.00851582	0.021818	0.0142905	0.0200409	0.0123607							
GAT	0.0176245	0.0186537	0.0296586	0.0184163	0.0269136	0.0131747							
TAA	0.0260536	0.0304136	0.0283875	0.0226321	0.0346781	0.0126863							
TAC	0.0130268	0.0178427	0.0147369	0.0194227	0.0225067	0.0134377							
TAG	0.0183908	0.0145985	0.0163055	0.0184099	0.0137453	0.0139011							
TAT	0.040613	0.0648824	0.0317071	0.0591711	0.0361996	0.0444083							
ACA	0.0712644	0.052717	0.0528655	0.0479762	0.0635853	0.0391359							
ACC	0.0475096	0.0308191	0.0476075	0.0301681	0.0408688	0.0160676							
ACG	0.00996169	0.0523114	0.010864	0.0643407	0.0257069	0.195529							
ACT	0.0521073	0.0332522	0.0434511	0.0348976	0.0415508	0.0283782							
CCA	0.0421456	0.0385239	0.0359446	0.0307081	0.0302712	0.0158172							
CCC	0.0390805	0.0304136	0.0396706	0.0311978	0.0274907	0.0149656							
CCG	0.0114943	0.0470397	0.0119604	0.0534196	0.0188867	0.114214							
CCT	0.0298851	0.0494728	0.0421078	0.040512	0.0354651	0.0192235							
GCA	0.035249	0.0235199	0.038521	0.0250102	0.0344683	0.0145272							
GCC	0.0367816	0.0291971	0.0381589	0.0267743	0.0296417	0.0125611							
GCG	0.0130268	0.0364963	0.0106437	0.0391466	0.0233986	0.0823294							
GCT	0.0298851	0.0320357	0.0316008	0.0301068	0.0275956	0.0159424							
TCA	0.0344828	0.0291971	0.0420711	0.0288547	0.0396621	0.0154665							
TCC	0.0329502	0.0364963	0.0424066	0.0332929	0.0295368	0.0141265							
TCG	0.00842912	0.0381184	0.00882695	0.0371041	0.0193064	0.0665373							
TCT	0.0720306	0.0320357	0.072045	0.032795	0.0615917	0.0166688							
													
													
Figure 8. The relationship between relative triplet mutability and relative contribution to D													
													
	ppn in ABBA and BABA			ppn in higher/lower mutability									
Triplet	propn ABBA	propn BABA	difference	propn PBBBA	propn PAAAA	difference							
AAA	0.040088	0.042017	-0.00192907	0.0401343	0.0374335	0.00270081							
AAC	0.0398572	0.0323932	0.00746404	0.0342584	0.0217888	0.0124696							
AAG	0.0293292	0.0286033	0.000725953	0.026389	0.0302132	-0.00382422							
AAT	0.0368789	0.03433	0.00254888	0.0351503	0.0323756	0.0027747							
CAA	0.0258822	0.0280517	-0.00216959	0.0271234	0.026691	0.000432437							
CAC	0.0247486	0.0259792	-0.00123065	0.0251823	0.0258592	-0.0006769							
CAG	0.0234918	0.029584	-0.00609222	0.0250774	0.0317236	-0.0066462							
CAT	0.0345923	0.040437	-0.00584475	0.0349929	0.0428003	-0.0078074							
GAA	0.0287368	0.0276426	0.00109414	0.0261791	0.0233512	0.00282796							
GAC	0.024264	0.0218792	0.00238488	0.0224018	0.0164043	0.00599747							
GAG	0.0201828	0.020683	-0.000500163	0.0200409	0.021818	-0.00177703							
GAT	0.0291811	0.0278151	0.00136605	0.0269136	0.0296586	-0.00274505							
TAA	0.033988	0.0343926	-0.00040463	0.0346781	0.0283875	0.00629061							
TAC	0.0243698	0.0223883	0.00198151	0.0225067	0.0147369	0.00776979							
TAG	0.0156128	0.0161375	-0.000524647	0.0137453	0.0163055	-0.0025602							
TAT	0.0366359	0.0359123	0.000723593	0.0361996	0.0317071	0.00449244							
ACA	0.0621914	0.0537528	0.0084386	0.0635853	0.0528655	0.0107199							
ACC	0.035713	0.0415118	-0.00579873	0.0408688	0.0476075	-0.00673874							
ACG	0.0268139	0.0213239	0.00549001	0.0257069	0.010864	0.0148429							
ACT	0.0438167	0.0426501	0.00116662	0.0415508	0.0434511	-0.00190026							
CCA	0.0285421	0.0293227	-0.000780625	0.0302712	0.0359446	-0.00567338							
CCC	0.025798	0.027712	-0.00191404	0.0274907	0.0396706	-0.0121799							
CCG	0.0188372	0.0163005	0.00253668	0.0188867	0.0119604	0.00692629							
CCT	0.0336975	0.0355579	-0.00186047	0.0354651	0.0421078	-0.0066427							
GCA	0.0352427	0.0357123	-0.000469618	0.0344683	0.038521	-0.00405276							
GCC	0.0287497	0.0312555	-0.00250573	0.0296417	0.0381589	-0.00851727							
GCG	0.0254836	0.0194924	0.00599116	0.0233986	0.0106437	0.0127548							
GCT	0.0271118	0.0302821	-0.00317022	0.0275956	0.0316008	-0.00400516							
TCA	0.0370969	0.0384133	-0.00131636	0.0396621	0.0420711	-0.00240893							
TCC	0.0288982	0.0336496	-0.00475134	0.0295368	0.0424066	-0.0128698							
TCG	0.0193312	0.015379	0.00395213	0.0193064	0.00882695	0.0104795							
TCT	0.0548367	0.059438	-0.00460133	0.0615917	0.072045	-0.0104532							
													
													
Figure 9. How D varies depending on whether the chimpanzee A or Neanderthal B allele is the major allele in humans (across all populations													
													
	Tranversions		Transitions										
Triplet	D major A	D major B	D major A	D major B									
AAA	-0.209771	0.296217	-0.22144	0.313976									
AAC	-0.166708	0.289144	-0.239541	0.300731									
AAG	-0.154444	0.257546	-0.195188	0.318182									
AAT	-0.171144	0.32985	-0.191381	0.30658									
CAA	-0.220316	0.284101	-0.279647	0.282155									
CAC	-0.168465	0.258697	-0.237624	0.317543									
CAG	-0.203248	0.218164	-0.254893	0.293632									
CAT	-0.212447	0.32342	-0.268384	0.284135									
GAA	-0.192351	0.293243	-0.189793	0.298347									
GAC	-0.142384	0.23593	-0.217375	0.278203									
GAG	-0.264112	0.350123	-0.206862	0.301634									
GAT	-0.122237	0.322889	-0.188494	0.283993									
TAA	-0.206723	0.307323	-0.169854	0.276064									
TAC	-0.246781	0.280872	-0.224917	0.297598									
TAG	-0.14941	0.261268	-0.199135	0.281729									
TAT	-0.217481	0.288405	-0.193788	0.27247									
ACA	-0.160275	0.323357	-0.202819	0.314101									
ACC	-0.182793	0.276061	-0.198698	0.33076									
ACG	-0.255658	0.323177	-0.174199	0.206891									
ACT	-0.178795	0.289657	-0.193424	0.319884									
CCA	-0.189677	0.278884	-0.22227	0.247788									
CCC	-0.154543	0.33901	-0.188544	0.326123									
CCG	-0.136933	0.282008	-0.179543	0.205658									
CCT	-0.20645	0.34099	-0.141331	0.275769									
GCA	-0.183697	0.292548	-0.213031	0.279667									
GCC	-0.148143	0.317941	-0.206143	0.241831									
GCG	-0.135771	0.322117	-0.1685	0.231243									
GCT	-0.206864	0.280805	-0.188976	0.284957									
TCA	-0.154356	0.233996	-0.163281	0.287805									
TCC	-0.150585	0.27797	-0.15532	0.302428									
TCG	-0.111668	0.294804	-0.141861	0.195904									
TCT	-0.173435	0.323592	-0.125301	0.256077									
													
													
Table 3. Partitioning the signal captured by D according to which allele is fixed in which population group													
													
	Altai		Vindija		Denisovan								
P1/P2	TV	TS	TV	TS	TV	TS							
A/P	17.7271	36.2396	18.3907	37.6388	22.5539	45.579							
P/A	-19.37	-46.1619	-21.3052	-50.9627	-82.2034	-199.285							
B/P	-2.87423	-14.8673	-3.07893	-16.2416	-13.1291	-60.1858							
P/B	34.1872	96.8655	37.1796	105.694	105.345	297.659							
P/P	1.25264	-2.99839	-0.576828	-6.7372	1.84027	-18.1739							
ALL	30.9227	69.0773	30.6093	69.3907	34.4067	65.5933							
													
													
Figure 10. Partitioning D* (i.e. ABBA - BABA) across the mutation spectrum													
													
	A/P		P/A		B/P		P/B		P/P		ALL		TOTAL (ALL TS+TV)
Triplet	TV	TS	TV	TS	TV	TS	TV	TS	TV	TS	TV	TS	
AAA	10.3056	10.5657	-9.88983	-14.4239	-1.05159	-2.85714	15.7965	27.9796	-5.71271	-6.39903	9.4479	14.8652	24.3131
AAC	5.96359	8.8281	-5.69127	-15.8214	-1.03571	-2.61177	22.6042	27.2199	15.7862	3.67416	37.627	21.289	58.9161
AAG	9.26923	10.9233	-8.61797	-12.6948	-1.145	-2.45238	13.474	35.0312	0.363831	24.9214	13.3441	55.7287	69.0728
AAT	8.26389	26.8625	-7.34596	-35.5483	-2.30159	-5.35582	18.0306	45.0716	5.05548	-19.9605	21.7025	11.0694	32.7719
CAA	6.06283	9.52447	-10.0948	-14.4113	-0.642857	-2.69974	11.2753	34.6935	-3.28158	-3.85423	3.31891	23.2528	26.5717
CAC	6.04075	7.17283	-8.12663	-13.9246	-1.10989	-4.14352	11.4079	39.0957	-2.49897	4.4614	5.71319	32.6616	38.3748
CAG	6.82514	10.9274	-9.31396	-22.0815	-1.74868	-3.88899	10.9331	52.988	-16.0907	1.18575	-9.39506	39.1305	29.7355
CAT	8.52452	29.0086	-9.94481	-46.2341	-1.07606	-8.32229	13.2231	72.9757	-15.1534	-49.1209	-4.42672	-1.69281	-6.11953
GAA	5.42862	8.70238	-5.09632	-10.4845	-0.946429	-1.88095	11.8052	22.9278	3.03563	14.0982	14.2267	33.3631	47.5898
GAC	3.36706	6.42857	-4.02381	-9.26082	-0.5	-1.87444	12.2537	22.1761	5.3122	12.3405	16.4091	29.8099	46.219
GAG	4.19048	6.29167	-5.85714	-9.5302	-0.946429	-1.94378	12.9307	29.1831	-4.14341	16.0745	6.17424	40.0753	46.2495
GAT	9.12434	8.44709	-7.82587	-10.3287	-1.57143	-0.898301	13.0825	25.128	2.40451	6.43087	15.214	28.7791	43.9931
TAA	8.37103	11.0749	-8.24394	-11.5683	-0.985501	-2.26786	19.403	22.4559	-6.8301	2.65066	11.7145	22.3454	34.0598
TAC	2.96693	7.55703	-6.07684	-12.6609	-0.595899	-1.30693	13.351	24.1374	5.59029	-2.80167	15.2355	14.9249	30.1604
TAG	3.34458	8.55662	-4.39702	-11.8614	-0.428571	-3.87566	6.25336	28.0255	-0.410635	12.8862	4.36171	33.7313	38.093
TAT	7.14748	30.4444	-8.82576	-33.1402	-2.00331	-6.97619	17.5179	52.6311	2.2809	-20.146	16.1172	22.8129	38.93
ACA	11.6225	21.6852	-11.4679	-26.0509	-2.61772	-7.8287	33.3152	62.8796	18.2057	25.6563	49.0578	76.3411	125.399
ACC	11.8765	11.7935	-11.8009	-17.5758	-0.910714	-2.29299	11.1468	24.6871	-14.1734	-2.12304	-3.86179	14.4889	10.6271
ACG	2.03836	29.8416	-4.49459	-42.0163	-1.17923	-48.7349	18.4336	173.912	11.9255	-13.0363	26.7237	99.967	126.691
ACT	10.4107	16.9558	-9.58767	-24.6723	-1.11045	-5.18849	15.0695	54.4131	5.40045	42.1183	20.1826	83.6259	103.809
CCA	5.35409	11.0571	-6.6263	-22.317	-0.608466	-1.96759	10.8927	22.9731	-0.501194	-15.0484	8.51086	-5.30282	3.20804
CCC	7.19928	16.5979	-9.33442	-19.678	-0.880393	-2.04561	9.22843	19.2633	-2.15697	-17.3092	4.05592	-3.17166	0.884258
CCG	2.37836	26.7588	-3.50216	-31.3329	-2.27397	-26.7016	10.1972	94.1326	8.00165	-26.1419	14.8011	36.714	51.5151
CCT	7.87103	18.2647	-10.8772	-25.2684	-0.125661	-3.62897	14.5146	24.5404	-4.16003	-6.45156	7.22283	7.45631	14.6791
GCA	7.92231	8.92196	-10.1093	-15.6843	-0.86045	-2.29534	17.1068	21.7976	-2.06314	-4.17142	11.9963	8.56845	20.5647
GCC	9.72899	11.2734	-10.1276	-14.9003	-1.08466	-3.33862	9.46212	16.7025	-4.58038	-20.9962	3.39846	-11.2594	-7.8609
GCG	2.78337	16.324	-3.82359	-19.538	-0.850275	-18.3267	12.8951	74.4004	16.721	-19.1326	27.7257	33.726	61.4517
GCT	8.29661	17.1496	-10.5015	-15.3936	-1.61772	-3.25132	12.4826	27.3518	-7.88442	-8.75517	0.775568	17.1012	17.8768
TCA	10.3724	12.9625	-7.99903	-13.2478	-2.31349	-1.375	22.4085	27.4975	-12.3147	-4.53384	10.1537	21.3034	31.457
TCC	8.65481	14.7622	-12.2289	-21.4464	-1.375	-1.25066	8.13059	20.3528	-6.48428	-1.25043	-3.30283	11.1676	7.86477
TCG	1.66534	18.2924	-2.62338	-23.7338	-0.752645	-16.5615	10.3766	57.5926	10.5826	-15.2855	19.2486	20.3038	39.5524
TCT	15.2361	13.9153	-20.3593	-16.6639	-1.62302	-3.74868	23.1605	29.6137	-9.39645	6.27234	7.01793	29.389	36.4069
													
													
Figure S2. Variation in transversion : transition ratios across the mutation spectrum													
													
Triplet	AABAA	AAABA	PAAAA										
AAA	1.15789	1.16766	1.26766										
AAC	1.15	1.89071	2.07397										
AAG	1.12821	1.68376	1.55322										
AAT	3.11111	2.40774	3.25274										
CAA	2.29167	1.34842	1.49184										
CAC	1.16216	1.85938	1.63168										
CAG	2.10526	1.68531	1.96823										
CAT	1.92188	2.22038	2.79891										
GAA	1.28	1.36126	1.39124										
GAC	1.09091	1.04167	1.53801										
GAG	0.636364	1.61446	1.42059										
GAT	2	1.3083	1.34675										
TAA	2.20588	1.63485	1.72915										
TAC	2.58824	2.42105	2.85851										
TAG	1.5	2.00641	2.44879										
TAT	3.01887	3.64706	4.04752										
ACA	1.39785	1.97187	1.96829										
ACC	1.22581	1.2425	1.37438										
ACG	9.92308	9.98889	12.8449										
ACT	1.20588	1.37	1.74193										
CCA	1.72727	1.89591	1.85291										
CCC	1.47059	1.78644	1.70566										
CCG	7.73333	6.07692	9.68699										
CCT	3.12821	1.89888	2.08668										
GCA	1.26087	1.42754	1.40817										
GCC	1.5	1.42405	1.5218										
GCG	5.29412	5.75824	7.97692										
GCT	2.02564	2.03673	2.06635										
TCA	1.6	1.55523	1.48754										
TCC	2.09302	1.53198	1.70276										
TCG	8.54545	7.05263	9.1169										
TCT	0.840426	0.996409	0.987277										
