Branch length and D analysis in individual windows

P1 = w
P2 = w
Hetdif = Bantu - Japanese
spike = 0.02
chromosomes 22 to 22
window size = 50000

Figure 4. Branch length to Neanderthals related to branch length to chimpanzees based on locus counts

C_dist	N>P1	N>P2	D'N	ABBA	BABA	D
-1.00	0	0		0.00	0.00	
-0.96	0	0		0.00	0.00	
-0.92	0	0		0.00	0.00	
-0.88	0	0		0.00	0.00	
-0.84	0	0		0.00	0.00	
-0.80	0	0		0.00	0.00	
-0.76	0	0		0.00	0.00	
-0.72	0	0		0.00	0.00	
-0.68	0	0		0.00	0.00	
-0.64	0	0		0.00	0.00	
-0.60	0	0		0.00	0.00	
-0.56	0	0		0.00	0.00	
-0.52	0	0		0.00	0.00	
-0.48	0	0		0.00	0.00	
-0.44	0	0		0.00	0.00	
-0.40	0	0		0.00	0.00	
-0.36	0	0		0.00	0.00	
-0.32	0	0		0.00	0.00	
-0.28	0	0		0.00	0.00	
-0.24	0	0		0.00	0.00	
-0.20	0	0		0.00	0.00	
-0.16	0	0		0.00	0.00	
-0.12	0	0		0.00	0.00	
-0.08	0	0		0.00	0.00	
-0.04	0	0		0.00	0.00	
0.00	0	0		0.00	0.00	
0.04	0	0		0.00	0.00	
0.08	0	0		0.00	0.00	
0.12	0	0		0.00	0.00	
0.16	0	0		0.00	0.00	
0.20	0	0		0.00	0.00	
0.24	0	0		0.00	0.00	
0.28	0	0		0.00	0.00	
0.32	0	0		0.00	0.00	
0.36	0	0		0.00	0.00	
0.40	0	0		0.00	0.00	
0.44	0	0		0.00	0.00	
0.48	0	0		0.00	0.00	
0.52	0	0		0.00	0.00	
0.56	0	0		0.00	0.00	
0.60	0	0		0.00	0.00	
0.64	0	0		0.00	0.00	
0.68	0	0		0.00	0.00	
0.72	0	0		0.00	0.00	
0.76	0	0		0.00	0.00	
0.80	0	0		0.00	0.00	
0.84	0	0		0.00	0.00	
0.88	0	0		0.00	0.00	
0.92	0	0		0.00	0.00	
0.96	0	0		0.00	0.00	
1.00	0	0		0.00	0.00	
1.04	0	0		0.00	0.00	
1.08	0	0		0.00	0.00	
1.12	0	0		0.00	0.00	
1.16	0	0		0.00	0.00	
1.20	0	0		0.00	0.00	
1.24	0	0		0.00	0.00	
1.28	0	0		0.00	0.00	
1.32	0	0		0.00	0.00	
1.36	0	0		0.00	0.00	
1.40	0	0		0.00	0.00	
1.44	0	0		0.00	0.00	
1.48	0	0		0.00	0.00	
1.52	0	0		0.00	0.00	
1.56	0	0		0.00	0.00	
1.60	0	0		0.00	0.00	
1.64	0	0		0.00	0.00	
1.68	0	0		0.00	0.00	
1.72	0	0		0.00	0.00	
1.76	0	0		0.00	0.00	
1.80	0	0		0.00	0.00	
1.84	0	0		0.00	0.00	
1.88	0	0		0.00	0.00	
1.92	0	0		0.00	0.00	
1.96	0	0		0.00	0.00	
2.00	0	0		0.00	0.00	
2.04	0	0		0.00	0.00	
2.08	0	0		0.00	0.00	
2.12	0	0		0.00	0.00	
2.16	0	0		0.00	0.00	
2.20	0	0		0.00	0.00	
2.24	0	0		0.00	0.00	
2.28	0	0		0.00	0.00	
2.32	0	0		0.00	0.00	
2.36	0	0		0.00	0.00	
2.40	0	0		0.00	0.00	
2.44	0	0		0.00	0.00	
2.48	0	0		0.00	0.00	
2.52	0	0		0.00	0.00	
2.56	0	0		0.00	0.00	
2.60	0	0		0.00	0.00	
2.64	0	0		0.00	0.00	
2.68	0	0		0.00	0.00	
2.72	0	0		0.00	0.00	
2.76	0	0		0.00	0.00	
2.80	0	0		0.00	0.00	
2.84	0	0		0.00	0.00	
2.88	0	0		0.00	0.00	
2.92	0	0		0.00	0.00	
2.96	0	0		0.00	0.00	


Figure 5, main plot. Branch length to Neanderthals related to branch length to chimpanzees based on frequencies

C_dist	N>P1	N>P1	N>P1	N>P1_S	N>P1	N>P2	D(P1,P1)'N	D(P1,P1S)'ND(P1,P2)'N
-1.000	0.000	0.000	0.000	0.000	0.000	0.000			
-0.960	0.000	0.000	0.000	0.000	0.000	0.000			
-0.920	0.000	0.000	0.000	0.000	0.000	0.000			
-0.880	0.000	0.000	0.000	0.000	0.000	0.000			
-0.840	0.000	0.000	0.000	0.000	0.000	0.000			
-0.800	0.000	0.000	0.000	0.000	0.000	0.000			
-0.760	0.000	0.000	0.000	0.000	0.000	0.000			
-0.720	0.000	0.000	0.000	0.000	0.000	0.000			
-0.680	0.000	0.000	0.000	0.000	0.000	0.000			
-0.640	0.000	0.000	0.000	0.000	0.000	0.000			
-0.600	0.000	0.000	0.000	0.000	0.000	0.000			
-0.560	0.000	0.000	0.000	0.000	0.000	0.000			
-0.520	0.000	0.000	0.000	0.000	0.000	0.000			
-0.480	0.000	0.000	0.000	0.000	0.000	0.000			
-0.440	0.000	0.000	0.000	0.000	0.000	0.000			
-0.400	0.000	0.000	0.000	0.000	0.000	0.000			
-0.360	0.000	0.000	0.000	0.000	0.000	0.000			
-0.320	0.000	0.000	0.000	0.000	0.000	0.000			
-0.280	0.000	0.000	0.000	0.000	0.000	0.000			
-0.240	0.000	0.000	0.000	0.000	0.000	0.000			
-0.200	0.000	0.000	0.000	0.000	0.000	0.000			
-0.160	0.000	0.000	0.000	0.000	0.000	0.000			
-0.120	0.000	0.000	0.000	0.000	0.000	0.000			
-0.080	0.000	0.000	0.000	0.000	0.000	0.000			
-0.040	0.000	0.000	0.000	0.000	0.000	0.000			
0.000	0.000	0.000	0.000	0.000	0.000	0.000			
0.040	0.000	0.000	0.000	0.000	0.000	0.000			
0.080	0.000	0.000	0.000	0.000	0.000	0.000			
0.120	0.000	0.000	0.000	0.000	0.000	0.000			
0.160	0.000	0.000	0.000	0.000	0.000	0.000			
0.200	0.000	0.000	0.000	0.000	0.000	0.000			
0.240	0.000	0.000	0.000	0.000	0.000	0.000			
0.280	0.000	0.000	0.000	0.000	0.000	0.000			
0.320	0.000	0.000	0.000	0.000	0.000	0.000			
0.360	0.000	0.000	0.000	0.000	0.000	0.000			
0.400	0.000	0.000	0.000	0.000	0.000	0.000			
0.440	0.000	0.000	0.000	0.000	0.000	0.000			
0.480	0.000	0.000	0.000	0.000	0.000	0.000			
0.520	0.000	0.000	0.000	0.000	0.000	0.000			
0.560	0.000	0.000	0.000	0.000	0.000	0.000			
0.600	0.000	0.000	0.000	0.000	0.000	0.000			
0.640	0.000	0.000	0.000	0.000	0.000	0.000			
0.680	0.000	0.000	0.000	0.000	0.000	0.000			
0.720	0.000	0.000	0.000	0.000	0.000	0.000			
0.760	0.000	0.000	0.000	0.000	0.000	0.000			
0.800	0.000	0.000	0.000	0.000	0.000	0.000			
0.840	0.000	0.000	0.000	0.000	0.000	0.000			
0.880	0.000	0.000	0.000	0.000	0.000	0.000			
0.920	0.000	0.000	0.000	0.000	0.000	0.000			
0.960	0.000	0.000	0.000	0.000	0.000	0.000			
1.000	0.000	0.000	0.000	0.000	0.000	0.000			
1.040	0.000	0.000	0.000	0.000	0.000	0.000			
1.080	0.000	0.000	0.000	0.000	0.000	0.000			
1.120	0.000	0.000	0.000	0.000	0.000	0.000			
1.160	0.000	0.000	0.000	0.000	0.000	0.000			
1.200	0.000	0.000	0.000	0.000	0.000	0.000			
1.240	0.000	0.000	0.000	0.000	0.000	0.000			
1.280	0.000	0.000	0.000	0.000	0.000	0.000			
1.320	0.000	0.000	0.000	0.000	0.000	0.000			
1.360	0.000	0.000	0.000	0.000	0.000	0.000			
1.400	0.000	0.000	0.000	0.000	0.000	0.000			
1.440	0.000	0.000	0.000	0.000	0.000	0.000			
1.480	0.000	0.000	0.000	0.000	0.000	0.000			
1.520	0.000	0.000	0.000	0.000	0.000	0.000			
1.560	0.000	0.000	0.000	0.000	0.000	0.000			
1.600	0.000	0.000	0.000	0.000	0.000	0.000			
1.640	0.000	0.000	0.000	0.000	0.000	0.000			
1.680	0.000	0.000	0.000	0.000	0.000	0.000			
1.720	0.000	0.000	0.000	0.000	0.000	0.000			
1.760	0.000	0.000	0.000	0.000	0.000	0.000			
1.800	0.000	0.000	0.000	0.000	0.000	0.000			
1.840	0.000	0.000	0.000	0.000	0.000	0.000			
1.880	0.000	0.000	0.000	0.000	0.000	0.000			
1.920	0.000	0.000	0.000	0.000	0.000	0.000			
1.960	0.000	0.000	0.000	0.000	0.000	0.000			
2.000	0.000	0.000	0.000	0.000	0.000	0.000			
2.040	0.000	0.000	0.000	0.000	0.000	0.000			
2.080	0.000	0.000	0.000	0.000	0.000	0.000			
2.120	0.000	0.000	0.000	0.000	0.000	0.000			
2.160	0.000	0.000	0.000	0.000	0.000	0.000			
2.200	0.000	0.000	0.000	0.000	0.000	0.000			
2.240	0.000	0.000	0.000	0.000	0.000	0.000			
2.280	0.000	0.000	0.000	0.000	0.000	0.000			
2.320	0.000	0.000	0.000	0.000	0.000	0.000			
2.360	0.000	0.000	0.000	0.000	0.000	0.000			
2.400	0.000	0.000	0.000	0.000	0.000	0.000			
2.440	0.000	0.000	0.000	0.000	0.000	0.000			
2.480	0.000	0.000	0.000	0.000	0.000	0.000			
2.520	0.000	0.000	0.000	0.000	0.000	0.000			
2.560	0.000	0.000	0.000	0.000	0.000	0.000			
2.600	0.000	0.000	0.000	0.000	0.000	0.000			
2.640	0.000	0.000	0.000	0.000	0.000	0.000			
2.680	0.000	0.000	0.000	0.000	0.000	0.000			
2.720	0.000	0.000	0.000	0.000	0.000	0.000			
2.760	0.000	0.000	0.000	0.000	0.000	0.000			
2.800	0.000	0.000	0.000	0.000	0.000	0.000			
2.840	0.000	0.000	0.000	0.000	0.000	0.000			
2.880	0.000	0.000	0.000	0.000	0.000	0.000			
2.920	0.000	0.000	0.000	0.000	0.000	0.000			
2.960	0.000	0.000	0.000	0.000	0.000	0.000			


Figure 5, inset. Branch length to Neanderthals related to branch length to chimpanzees based on frequencies

C_dist	N>P1	N>P1	N>P1	N>P1_S	N>P1	N>P2	D(P1,P1)'N	D(P1,P1S)'ND(P1,P2)'N
-0.10	0.00	0.00	0.00	0.00	0.00	0.00			
-0.10	0.00	0.00	0.00	0.00	0.00	0.00			
-0.10	0.00	0.00	0.00	0.00	0.00	0.00			
-0.09	0.00	0.00	0.00	0.00	0.00	0.00			
-0.09	0.00	0.00	0.00	0.00	0.00	0.00			
-0.09	0.00	0.00	0.00	0.00	0.00	0.00			
-0.09	0.00	0.00	0.00	0.00	0.00	0.00			
-0.09	0.00	0.00	0.00	0.00	0.00	0.00			
-0.08	0.00	0.00	0.00	0.00	0.00	0.00			
-0.08	0.00	0.00	0.00	0.00	0.00	0.00			
-0.08	0.00	0.00	0.00	0.00	0.00	0.00			
-0.08	0.00	0.00	0.00	0.00	0.00	0.00			
-0.08	0.00	0.00	0.00	0.00	0.00	0.00			
-0.07	0.00	0.00	0.00	0.00	0.00	0.00			
-0.07	0.00	0.00	0.00	0.00	0.00	0.00			
-0.07	0.00	0.00	0.00	0.00	0.00	0.00			
-0.07	0.00	0.00	0.00	0.00	0.00	0.00			
-0.07	0.00	0.00	0.00	0.00	0.00	0.00			
-0.06	0.00	0.00	0.00	0.00	0.00	0.00			
-0.06	0.00	0.00	0.00	0.00	0.00	0.00			
-0.06	0.00	0.00	0.00	0.00	0.00	0.00			
-0.06	0.00	0.00	0.00	0.00	0.00	0.00			
-0.06	0.00	0.00	0.00	0.00	0.00	0.00			
-0.05	0.00	0.00	0.00	0.00	0.00	0.00			
-0.05	0.00	0.00	0.00	0.00	0.00	0.00			
-0.05	0.00	0.00	0.00	0.00	0.00	0.00			
-0.05	0.00	0.00	0.00	0.00	0.00	0.00			
-0.05	0.00	0.00	0.00	0.00	0.00	0.00			
-0.04	0.00	0.00	0.00	0.00	0.00	0.00			
-0.04	0.00	0.00	0.00	0.00	0.00	0.00			
-0.04	0.00	0.00	0.00	0.00	0.00	0.00			
-0.04	0.00	0.00	0.00	0.00	0.00	0.00			
-0.04	0.00	0.00	0.00	0.00	0.00	0.00			
-0.03	0.00	0.00	0.00	0.00	0.00	0.00			
-0.03	0.00	0.00	0.00	0.00	0.00	0.00			
-0.03	0.00	0.00	0.00	0.00	0.00	0.00			
-0.03	0.00	0.00	0.00	0.00	0.00	0.00			
-0.03	0.00	0.00	0.00	0.00	0.00	0.00			
-0.02	0.00	0.00	0.00	0.00	0.00	0.00			
-0.02	0.00	0.00	0.00	0.00	0.00	0.00			
-0.02	0.00	0.00	0.00	0.00	0.00	0.00			
-0.02	0.00	0.00	0.00	0.00	0.00	0.00			
-0.02	0.00	0.00	0.00	0.00	0.00	0.00			
-0.01	0.00	0.00	0.00	0.00	0.00	0.00			
-0.01	0.00	0.00	0.00	0.00	0.00	0.00			
-0.01	0.00	0.00	0.00	0.00	0.00	0.00			
-0.01	0.00	0.00	0.00	0.00	0.00	0.00			
-0.01	0.00	0.00	0.00	0.00	0.00	0.00			
-0.00	0.00	0.00	0.00	0.00	0.00	0.00			
-0.00	0.00	0.00	0.00	0.00	0.00	0.00			
0.00	0.00	0.00	0.00	0.00	0.00	0.00			
0.00	0.00	0.00	0.00	0.00	0.00	0.00			
0.00	0.00	0.00	0.00	0.00	0.00	0.00			
0.01	0.00	0.00	0.00	0.00	0.00	0.00			
0.01	0.00	0.00	0.00	0.00	0.00	0.00			
0.01	0.00	0.00	0.00	0.00	0.00	0.00			
0.01	0.00	0.00	0.00	0.00	0.00	0.00			
0.01	0.00	0.00	0.00	0.00	0.00	0.00			
0.02	0.00	0.00	0.00	0.00	0.00	0.00			
0.02	0.00	0.00	0.00	0.00	0.00	0.00			
0.02	0.00	0.00	0.00	0.00	0.00	0.00			
0.02	0.00	0.00	0.00	0.00	0.00	0.00			
0.02	0.00	0.00	0.00	0.00	0.00	0.00			
0.03	0.00	0.00	0.00	0.00	0.00	0.00			
0.03	0.00	0.00	0.00	0.00	0.00	0.00			
0.03	0.00	0.00	0.00	0.00	0.00	0.00			
0.03	0.00	0.00	0.00	0.00	0.00	0.00			
0.03	0.00	0.00	0.00	0.00	0.00	0.00			
0.04	0.00	0.00	0.00	0.00	0.00	0.00			
0.04	0.00	0.00	0.00	0.00	0.00	0.00			
0.04	0.00	0.00	0.00	0.00	0.00	0.00			
0.04	0.00	0.00	0.00	0.00	0.00	0.00			
0.04	0.00	0.00	0.00	0.00	0.00	0.00			
0.05	0.00	0.00	0.00	0.00	0.00	0.00			
0.05	0.00	0.00	0.00	0.00	0.00	0.00			
0.05	0.00	0.00	0.00	0.00	0.00	0.00			
0.05	0.00	0.00	0.00	0.00	0.00	0.00			
0.05	0.00	0.00	0.00	0.00	0.00	0.00			
0.06	0.00	0.00	0.00	0.00	0.00	0.00			
0.06	0.00	0.00	0.00	0.00	0.00	0.00			
0.06	0.00	0.00	0.00	0.00	0.00	0.00			
0.06	0.00	0.00	0.00	0.00	0.00	0.00			
0.06	0.00	0.00	0.00	0.00	0.00	0.00			
0.07	0.00	0.00	0.00	0.00	0.00	0.00			
0.07	0.00	0.00	0.00	0.00	0.00	0.00			
0.07	0.00	0.00	0.00	0.00	0.00	0.00			
0.07	0.00	0.00	0.00	0.00	0.00	0.00			
0.07	0.00	0.00	0.00	0.00	0.00	0.00			
0.08	0.00	0.00	0.00	0.00	0.00	0.00			
0.08	0.00	0.00	0.00	0.00	0.00	0.00			
0.08	0.00	0.00	0.00	0.00	0.00	0.00			
0.08	0.00	0.00	0.00	0.00	0.00	0.00			
0.08	0.00	0.00	0.00	0.00	0.00	0.00			
0.09	0.00	0.00	0.00	0.00	0.00	0.00			
0.09	0.00	0.00	0.00	0.00	0.00	0.00			
0.09	0.00	0.00	0.00	0.00	0.00	0.00			
0.09	0.00	0.00	0.00	0.00	0.00	0.00			
0.09	0.00	0.00	0.00	0.00	0.00	0.00			
0.10	0.00	0.00	0.00	0.00	0.00	0.00			
0.10	0.00	0.00	0.00	0.00	0.00	0.00			


Figure 6, D calculated separately based on different classes of variants

	Archaics polymorphic						Archaics monomorphic
Triplet	D(P1, P2)	s.e.	D(P1, P1)	s.e.	D(P1, P1_S)	s.e.	D(P1, P2)	s.e.	D(P1, P1)	s.e.	D(P1, P1_S)	s.e.
AAA_TV	nan	nan	nan	nan	nan	nan	nan	nan	nan	nan	nan	nan
AAC_TV	nan	nan	nan	nan	nan	nan	nan	nan	nan	nan	nan	nan
AAG_TV	nan	nan	nan	nan	nan	nan	nan	nan	nan	nan	nan	nan
AAT_TV	nan	nan	nan	nan	nan	nan	nan	nan	nan	nan	nan	nan
CAA_TV	nan	nan	nan	nan	nan	nan	nan	nan	nan	nan	nan	nan
CAC_TV	nan	nan	nan	nan	nan	nan	nan	nan	nan	nan	nan	nan
CAG_TV	nan	nan	nan	nan	nan	nan	nan	nan	nan	nan	nan	nan
CAT_TV	nan	nan	nan	nan	nan	nan	nan	nan	nan	nan	nan	nan
GAA_TV	nan	nan	nan	nan	nan	nan	nan	nan	nan	nan	nan	nan
GAC_TV	nan	nan	nan	nan	nan	nan	nan	nan	nan	nan	nan	nan
GAG_TV	nan	nan	nan	nan	nan	nan	nan	nan	nan	nan	nan	nan
GAT_TV	nan	nan	nan	nan	nan	nan	nan	nan	nan	nan	nan	nan
TAA_TV	nan	nan	nan	nan	nan	nan	nan	nan	nan	nan	nan	nan
TAC_TV	nan	nan	nan	nan	nan	nan	nan	nan	nan	nan	nan	nan
TAG_TV	nan	nan	nan	nan	nan	nan	nan	nan	nan	nan	nan	nan
TAT_TV	nan	nan	nan	nan	nan	nan	nan	nan	nan	nan	nan	nan
ACA_TV	nan	nan	nan	nan	nan	nan	nan	nan	nan	nan	nan	nan
ACC_TV	nan	nan	nan	nan	nan	nan	nan	nan	nan	nan	nan	nan
ACG_TV	nan	nan	nan	nan	nan	nan	nan	nan	nan	nan	nan	nan
ACT_TV	nan	nan	nan	nan	nan	nan	nan	nan	nan	nan	nan	nan
CCA_TV	nan	nan	nan	nan	nan	nan	nan	nan	nan	nan	nan	nan
CCC_TV	nan	nan	nan	nan	nan	nan	nan	nan	nan	nan	nan	nan
CCG_TV	nan	nan	nan	nan	nan	nan	nan	nan	nan	nan	nan	nan
CCT_TV	nan	nan	nan	nan	nan	nan	nan	nan	nan	nan	nan	nan
GCA_TV	nan	nan	nan	nan	nan	nan	nan	nan	nan	nan	nan	nan
GCC_TV	nan	nan	nan	nan	nan	nan	nan	nan	nan	nan	nan	nan
GCG_TV	nan	nan	nan	nan	nan	nan	nan	nan	nan	nan	nan	nan
GCT_TV	nan	nan	nan	nan	nan	nan	nan	nan	nan	nan	nan	nan
TCA_TV	nan	nan	nan	nan	nan	nan	nan	nan	nan	nan	nan	nan
TCC_TV	nan	nan	nan	nan	nan	nan	nan	nan	nan	nan	nan	nan
TCG_TV	nan	nan	nan	nan	nan	nan	nan	nan	nan	nan	nan	nan
TCT_TV	nan	nan	nan	nan	nan	nan	nan	nan	nan	nan	nan	nan
AAA_TS	nan	nan	nan	nan	nan	nan	nan	nan	nan	nan	nan	nan
AAC_TS	nan	nan	nan	nan	nan	nan	nan	nan	nan	nan	nan	nan
AAG_TS	nan	nan	nan	nan	nan	nan	nan	nan	nan	nan	nan	nan
AAT_TS	nan	nan	nan	nan	nan	nan	nan	nan	nan	nan	nan	nan
CAA_TS	nan	nan	nan	nan	nan	nan	nan	nan	nan	nan	nan	nan
CAC_TS	nan	nan	nan	nan	nan	nan	nan	nan	nan	nan	nan	nan
CAG_TS	nan	nan	nan	nan	nan	nan	nan	nan	nan	nan	nan	nan
CAT_TS	nan	nan	nan	nan	nan	nan	nan	nan	nan	nan	nan	nan
GAA_TS	nan	nan	nan	nan	nan	nan	nan	nan	nan	nan	nan	nan
GAC_TS	nan	nan	nan	nan	nan	nan	nan	nan	nan	nan	nan	nan
GAG_TS	nan	nan	nan	nan	nan	nan	nan	nan	nan	nan	nan	nan
GAT_TS	nan	nan	nan	nan	nan	nan	nan	nan	nan	nan	nan	nan
TAA_TS	nan	nan	nan	nan	nan	nan	nan	nan	nan	nan	nan	nan
TAC_TS	nan	nan	nan	nan	nan	nan	nan	nan	nan	nan	nan	nan
TAG_TS	nan	nan	nan	nan	nan	nan	nan	nan	nan	nan	nan	nan
TAT_TS	nan	nan	nan	nan	nan	nan	nan	nan	nan	nan	nan	nan
ACA_TS	nan	nan	nan	nan	nan	nan	nan	nan	nan	nan	nan	nan
ACC_TS	nan	nan	nan	nan	nan	nan	nan	nan	nan	nan	nan	nan
ACG_TS	nan	nan	nan	nan	nan	nan	nan	nan	nan	nan	nan	nan
ACT_TS	nan	nan	nan	nan	nan	nan	nan	nan	nan	nan	nan	nan
CCA_TS	nan	nan	nan	nan	nan	nan	nan	nan	nan	nan	nan	nan
CCC_TS	nan	nan	nan	nan	nan	nan	nan	nan	nan	nan	nan	nan
CCG_TS	nan	nan	nan	nan	nan	nan	nan	nan	nan	nan	nan	nan
CCT_TS	nan	nan	nan	nan	nan	nan	nan	nan	nan	nan	nan	nan
GCA_TS	nan	nan	nan	nan	nan	nan	nan	nan	nan	nan	nan	nan
GCC_TS	nan	nan	nan	nan	nan	nan	nan	nan	nan	nan	nan	nan
GCG_TS	nan	nan	nan	nan	nan	nan	nan	nan	nan	nan	nan	nan
GCT_TS	nan	nan	nan	nan	nan	nan	nan	nan	nan	nan	nan	nan
TCA_TS	nan	nan	nan	nan	nan	nan	nan	nan	nan	nan	nan	nan
TCC_TS	nan	nan	nan	nan	nan	nan	nan	nan	nan	nan	nan	nan
TCG_TS	nan	nan	nan	nan	nan	nan	nan	nan	nan	nan	nan	nan
TCT_TS	nan	nan	nan	nan	nan	nan	nan	nan	nan	nan	nan	nan


Figure 11, how D varies with the slope of the relationship between heterozygosity and distance from Africa

	ALL		Major=A		Major=B
slope	ABBA	BABA	ABBA	BABA	ABBA	BABA	D_ALL	D_MajorA	D_MajorB
-50	0.00	0.00	0.00	0.00	0.00	0.00			
-49	0.00	0.00	0.00	0.00	0.00	0.00			
-48	0.00	0.00	0.00	0.00	0.00	0.00			
-47	0.00	0.00	0.00	0.00	0.00	0.00			
-46	0.00	0.00	0.00	0.00	0.00	0.00			
-45	0.00	0.00	0.00	0.00	0.00	0.00			
-44	0.00	0.00	0.00	0.00	0.00	0.00			
-43	0.00	0.00	0.00	0.00	0.00	0.00			
-42	0.00	0.00	0.00	0.00	0.00	0.00			
-41	0.00	0.00	0.00	0.00	0.00	0.00			
-40	0.00	0.00	0.00	0.00	0.00	0.00			
-39	0.00	0.00	0.00	0.00	0.00	0.00			
-38	0.00	0.00	0.00	0.00	0.00	0.00			
-37	0.00	0.00	0.00	0.00	0.00	0.00			
-36	0.00	0.00	0.00	0.00	0.00	0.00			
-35	0.00	0.00	0.00	0.00	0.00	0.00			
-34	0.00	0.00	0.00	0.00	0.00	0.00			
-33	0.00	0.00	0.00	0.00	0.00	0.00			
-32	0.00	0.00	0.00	0.00	0.00	0.00			
-31	0.00	0.00	0.00	0.00	0.00	0.00			
-30	0.00	0.00	0.00	0.00	0.00	0.00			
-29	0.00	0.00	0.00	0.00	0.00	0.00			
-28	0.00	0.00	0.00	0.00	0.00	0.00			
-27	0.00	0.00	0.00	0.00	0.00	0.00			
-26	0.00	0.00	0.00	0.00	0.00	0.00			
-25	0.00	0.00	0.00	0.00	0.00	0.00			
-24	0.00	0.00	0.00	0.00	0.00	0.00			
-23	0.00	0.00	0.00	0.00	0.00	0.00			
-22	0.00	0.00	0.00	0.00	0.00	0.00			
-21	0.00	0.00	0.00	0.00	0.00	0.00			
-20	0.00	0.00	0.00	0.00	0.00	0.00			
-19	0.00	0.00	0.00	0.00	0.00	0.00			
-18	0.00	0.00	0.00	0.00	0.00	0.00			
-17	0.00	0.00	0.00	0.00	0.00	0.00			
-16	0.00	0.00	0.00	0.00	0.00	0.00			
-15	0.00	0.00	0.00	0.00	0.00	0.00			
-14	0.00	0.00	0.00	0.00	0.00	0.00			
-13	0.00	0.00	0.00	0.00	0.00	0.00			
-12	0.00	0.00	0.00	0.00	0.00	0.00			
-11	0.00	0.00	0.00	0.00	0.00	0.00			
-10	0.00	0.00	0.00	0.00	0.00	0.00			
-9	0.00	0.00	0.00	0.00	0.00	0.00			
-8	0.00	0.00	0.00	0.00	0.00	0.00			
-7	0.00	0.00	0.00	0.00	0.00	0.00			
-6	0.00	0.00	0.00	0.00	0.00	0.00			
-5	0.00	0.00	0.00	0.00	0.00	0.00			
-4	0.00	0.00	0.00	0.00	0.00	0.00			
-3	0.00	0.00	0.00	0.00	0.00	0.00			
-2	0.00	0.00	0.00	0.00	0.00	0.00			
-1	0.00	0.00	0.00	0.00	0.00	0.00			
0	nan	nan	nan	nan	nan	nan			
1	0.00	0.00	0.00	0.00	0.00	0.00			
2	0.00	0.00	0.00	0.00	0.00	0.00			
3	0.00	0.00	0.00	0.00	0.00	0.00			
4	0.00	0.00	0.00	0.00	0.00	0.00			
5	0.00	0.00	0.00	0.00	0.00	0.00			
6	0.00	0.00	0.00	0.00	0.00	0.00			
7	0.00	0.00	0.00	0.00	0.00	0.00			
8	0.00	0.00	0.00	0.00	0.00	0.00			
9	0.00	0.00	0.00	0.00	0.00	0.00			
10	0.00	0.00	0.00	0.00	0.00	0.00			
11	0.00	0.00	0.00	0.00	0.00	0.00			
12	0.00	0.00	0.00	0.00	0.00	0.00			
13	0.00	0.00	0.00	0.00	0.00	0.00			
14	0.00	0.00	0.00	0.00	0.00	0.00			
15	0.00	0.00	0.00	0.00	0.00	0.00			
16	0.00	0.00	0.00	0.00	0.00	0.00			
17	0.00	0.00	0.00	0.00	0.00	0.00			
18	0.00	0.00	0.00	0.00	0.00	0.00			
19	0.00	0.00	0.00	0.00	0.00	0.00			
20	0.00	0.00	0.00	0.00	0.00	0.00			
21	0.00	0.00	0.00	0.00	0.00	0.00			
22	0.00	0.00	0.00	0.00	0.00	0.00			
23	0.00	0.00	0.00	0.00	0.00	0.00			
24	0.00	0.00	0.00	0.00	0.00	0.00			
25	0.00	0.00	0.00	0.00	0.00	0.00			
26	0.00	0.00	0.00	0.00	0.00	0.00			
27	0.00	0.00	0.00	0.00	0.00	0.00			
28	0.00	0.00	0.00	0.00	0.00	0.00			
29	0.00	0.00	0.00	0.00	0.00	0.00			
30	0.00	0.00	0.00	0.00	0.00	0.00			
31	0.00	0.00	0.00	0.00	0.00	0.00			
32	0.00	0.00	0.00	0.00	0.00	0.00			
33	0.00	0.00	0.00	0.00	0.00	0.00			
34	0.00	0.00	0.00	0.00	0.00	0.00			
35	0.00	0.00	0.00	0.00	0.00	0.00			
36	0.00	0.00	0.00	0.00	0.00	0.00			
37	0.00	0.00	0.00	0.00	0.00	0.00			
38	0.00	0.00	0.00	0.00	0.00	0.00			
39	0.00	0.00	0.00	0.00	0.00	0.00			
40	0.00	0.00	0.00	0.00	0.00	0.00			
41	0.00	0.00	0.00	0.00	0.00	0.00			
42	0.00	0.00	0.00	0.00	0.00	0.00			
43	0.00	0.00	0.00	0.00	0.00	0.00			
44	0.00	0.00	0.00	0.00	0.00	0.00			
45	0.00	0.00	0.00	0.00	0.00	0.00			
46	0.00	0.00	0.00	0.00	0.00	0.00			
47	0.00	0.00	0.00	0.00	0.00	0.00			
48	0.00	0.00	0.00	0.00	0.00	0.00			
49	0.00	0.00	0.00	0.00	0.00	0.00			


Figure 11, how D varies with the heterozygosity difference Bantu minus Japanese

	ALL		Major=A		Major=B
Het_dif	ABBA	BABA	ABBA	BABA	ABBA	BABA	D_ALL	D_MajorA	D_MajorB
0	0.00	0.00	0.00	0.00	0.00	0.00			
1	0.00	0.00	0.00	0.00	0.00	0.00			
2	0.00	0.00	0.00	0.00	0.00	0.00			
3	0.00	0.00	0.00	0.00	0.00	0.00			
4	0.00	0.00	0.00	0.00	0.00	0.00			
5	0.00	0.00	0.00	0.00	0.00	0.00			
6	0.00	0.00	0.00	0.00	0.00	0.00			
7	0.00	0.00	0.00	0.00	0.00	0.00			
8	0.00	0.00	0.00	0.00	0.00	0.00			
9	0.00	0.00	0.00	0.00	0.00	0.00			
10	nan	nan	nan	nan	nan	nan			
11	0.00	0.00	0.00	0.00	0.00	0.00			
12	0.00	0.00	0.00	0.00	0.00	0.00			
13	0.00	0.00	0.00	0.00	0.00	0.00			
14	0.00	0.00	0.00	0.00	0.00	0.00			
15	0.00	0.00	0.00	0.00	0.00	0.00			
16	0.00	0.00	0.00	0.00	0.00	0.00			
17	0.00	0.00	0.00	0.00	0.00	0.00			
18	0.00	0.00	0.00	0.00	0.00	0.00			
19	0.00	0.00	0.00	0.00	0.00	0.00			
20	0.00	0.00	0.00	0.00	0.00	0.00			
21	0.00	0.00	0.00	0.00	0.00	0.00			
22	0.00	0.00	0.00	0.00	0.00	0.00			
23	0.00	0.00	0.00	0.00	0.00	0.00			
24	0.00	0.00	0.00	0.00	0.00	0.00			
25	0.00	0.00	0.00	0.00	0.00	0.00			
26	0.00	0.00	0.00	0.00	0.00	0.00			
27	0.00	0.00	0.00	0.00	0.00	0.00			
28	0.00	0.00	0.00	0.00	0.00	0.00			
29	0.00	0.00	0.00	0.00	0.00	0.00			
30	0.00	0.00	0.00	0.00	0.00	0.00			
31	0.00	0.00	0.00	0.00	0.00	0.00			
32	0.00	0.00	0.00	0.00	0.00	0.00			
33	0.00	0.00	0.00	0.00	0.00	0.00			
34	0.00	0.00	0.00	0.00	0.00	0.00			
35	0.00	0.00	0.00	0.00	0.00	0.00			
36	0.00	0.00	0.00	0.00	0.00	0.00			
37	0.00	0.00	0.00	0.00	0.00	0.00			
38	0.00	0.00	0.00	0.00	0.00	0.00			
39	0.00	0.00	0.00	0.00	0.00	0.00			
40	0.00	0.00	0.00	0.00	0.00	0.00			
41	0.00	0.00	0.00	0.00	0.00	0.00			
42	0.00	0.00	0.00	0.00	0.00	0.00			
43	0.00	0.00	0.00	0.00	0.00	0.00			
44	0.00	0.00	0.00	0.00	0.00	0.00			
45	0.00	0.00	0.00	0.00	0.00	0.00			
46	0.00	0.00	0.00	0.00	0.00	0.00			
47	0.00	0.00	0.00	0.00	0.00	0.00			
48	0.00	0.00	0.00	0.00	0.00	0.00			
49	0.00	0.00	0.00	0.00	0.00	0.00			
50	0.00	0.00	0.00	0.00	0.00	0.00			
51	0.00	0.00	0.00	0.00	0.00	0.00			
52	0.00	0.00	0.00	0.00	0.00	0.00			
53	0.00	0.00	0.00	0.00	0.00	0.00			
54	0.00	0.00	0.00	0.00	0.00	0.00			
55	0.00	0.00	0.00	0.00	0.00	0.00			
56	0.00	0.00	0.00	0.00	0.00	0.00			
57	0.00	0.00	0.00	0.00	0.00	0.00			
58	0.00	0.00	0.00	0.00	0.00	0.00			
59	0.00	0.00	0.00	0.00	0.00	0.00			
60	0.00	0.00	0.00	0.00	0.00	0.00			
61	0.00	0.00	0.00	0.00	0.00	0.00			
62	0.00	0.00	0.00	0.00	0.00	0.00			
63	0.00	0.00	0.00	0.00	0.00	0.00			
64	0.00	0.00	0.00	0.00	0.00	0.00			
65	0.00	0.00	0.00	0.00	0.00	0.00			
66	0.00	0.00	0.00	0.00	0.00	0.00			
67	0.00	0.00	0.00	0.00	0.00	0.00			
68	0.00	0.00	0.00	0.00	0.00	0.00			
69	0.00	0.00	0.00	0.00	0.00	0.00			
70	0.00	0.00	0.00	0.00	0.00	0.00			
71	0.00	0.00	0.00	0.00	0.00	0.00			
72	0.00	0.00	0.00	0.00	0.00	0.00			
73	0.00	0.00	0.00	0.00	0.00	0.00			
74	0.00	0.00	0.00	0.00	0.00	0.00			
75	0.00	0.00	0.00	0.00	0.00	0.00			
76	0.00	0.00	0.00	0.00	0.00	0.00			
77	0.00	0.00	0.00	0.00	0.00	0.00			
78	0.00	0.00	0.00	0.00	0.00	0.00			
79	0.00	0.00	0.00	0.00	0.00	0.00			
80	0.00	0.00	0.00	0.00	0.00	0.00			
81	0.00	0.00	0.00	0.00	0.00	0.00			
82	0.00	0.00	0.00	0.00	0.00	0.00			
83	0.00	0.00	0.00	0.00	0.00	0.00			
84	0.00	0.00	0.00	0.00	0.00	0.00			
85	0.00	0.00	0.00	0.00	0.00	0.00			
86	0.00	0.00	0.00	0.00	0.00	0.00			
87	0.00	0.00	0.00	0.00	0.00	0.00			
88	0.00	0.00	0.00	0.00	0.00	0.00			
89	0.00	0.00	0.00	0.00	0.00	0.00			
90	0.00	0.00	0.00	0.00	0.00	0.00			
91	0.00	0.00	0.00	0.00	0.00	0.00			
92	0.00	0.00	0.00	0.00	0.00	0.00			
93	0.00	0.00	0.00	0.00	0.00	0.00			
94	0.00	0.00	0.00	0.00	0.00	0.00			
95	0.00	0.00	0.00	0.00	0.00	0.00			
96	0.00	0.00	0.00	0.00	0.00	0.00			
97	0.00	0.00	0.00	0.00	0.00	0.00			
98	0.00	0.00	0.00	0.00	0.00	0.00			
99	0.00	0.00	0.00	0.00	0.00	0.00			


Figure S3, how branch length asymmetry varies with the heterozygosity difference Yoruba minus French

	C=A,N=A		C=A,N=B		C=B,N=A
C_dist	N>P1	N>P2	N>P1	N>P2	N>P1	N>P2	D'N(C=A,N=A)	D'N(C=A,N=B)	D'N(C=B,N=A)
-1.000	0.000	0.000	0.000	0.000	0.000	0.000			
-0.980	0.000	0.000	0.000	0.000	0.000	0.000			
-0.960	0.000	0.000	0.000	0.000	0.000	0.000			
-0.940	0.000	0.000	0.000	0.000	0.000	0.000			
-0.920	0.000	0.000	0.000	0.000	0.000	0.000			
-0.900	0.000	0.000	0.000	0.000	0.000	0.000			
-0.880	0.000	0.000	0.000	0.000	0.000	0.000			
-0.860	0.000	0.000	0.000	0.000	0.000	0.000			
-0.840	0.000	0.000	0.000	0.000	0.000	0.000			
-0.820	0.000	0.000	0.000	0.000	0.000	0.000			
-0.800	0.000	0.000	0.000	0.000	0.000	0.000			
-0.780	0.000	0.000	0.000	0.000	0.000	0.000			
-0.760	0.000	0.000	0.000	0.000	0.000	0.000			
-0.740	0.000	0.000	0.000	0.000	0.000	0.000			
-0.720	0.000	0.000	0.000	0.000	0.000	0.000			
-0.700	0.000	0.000	0.000	0.000	0.000	0.000			
-0.680	0.000	0.000	0.000	0.000	0.000	0.000			
-0.660	0.000	0.000	0.000	0.000	0.000	0.000			
-0.640	0.000	0.000	0.000	0.000	0.000	0.000			
-0.620	0.000	0.000	0.000	0.000	0.000	0.000			
-0.600	0.000	0.000	0.000	0.000	0.000	0.000			
-0.580	0.000	0.000	0.000	0.000	0.000	0.000			
-0.560	0.000	0.000	0.000	0.000	0.000	0.000			
-0.540	0.000	0.000	0.000	0.000	0.000	0.000			
-0.520	0.000	0.000	0.000	0.000	0.000	0.000			
-0.500	0.000	0.000	0.000	0.000	0.000	0.000			
-0.480	0.000	0.000	0.000	0.000	0.000	0.000			
-0.460	0.000	0.000	0.000	0.000	0.000	0.000			
-0.440	0.000	0.000	0.000	0.000	0.000	0.000			
-0.420	0.000	0.000	0.000	0.000	0.000	0.000			
-0.400	0.000	0.000	0.000	0.000	0.000	0.000			
-0.380	0.000	0.000	0.000	0.000	0.000	0.000			
-0.360	0.000	0.000	0.000	0.000	0.000	0.000			
-0.340	0.000	0.000	0.000	0.000	0.000	0.000			
-0.320	0.000	0.000	0.000	0.000	0.000	0.000			
-0.300	0.000	0.000	0.000	0.000	0.000	0.000			
-0.280	0.000	0.000	0.000	0.000	0.000	0.000			
-0.260	0.000	0.000	0.000	0.000	0.000	0.000			
-0.240	0.000	0.000	0.000	0.000	0.000	0.000			
-0.220	0.000	0.000	0.000	0.000	0.000	0.000			
-0.200	0.000	0.000	0.000	0.000	0.000	0.000			
-0.180	0.000	0.000	0.000	0.000	0.000	0.000			
-0.160	0.000	0.000	0.000	0.000	0.000	0.000			
-0.140	0.000	0.000	0.000	0.000	0.000	0.000			
-0.120	0.000	0.000	0.000	0.000	0.000	0.000			
-0.100	0.000	0.000	0.000	0.000	0.000	0.000			
-0.080	0.000	0.000	0.000	0.000	0.000	0.000			
-0.060	0.000	0.000	0.000	0.000	0.000	0.000			
-0.040	0.000	0.000	0.000	0.000	0.000	0.000			
-0.020	0.000	0.000	0.000	0.000	0.000	0.000			
0.000	0.000	0.000	0.000	0.000	0.000	0.000			
0.020	0.000	0.000	0.000	0.000	0.000	0.000			
0.040	0.000	0.000	0.000	0.000	0.000	0.000			
0.060	0.000	0.000	0.000	0.000	0.000	0.000			
0.080	0.000	0.000	0.000	0.000	0.000	0.000			
0.100	0.000	0.000	0.000	0.000	0.000	0.000			
0.120	0.000	0.000	0.000	0.000	0.000	0.000			
0.140	0.000	0.000	0.000	0.000	0.000	0.000			
0.160	0.000	0.000	0.000	0.000	0.000	0.000			
0.180	0.000	0.000	0.000	0.000	0.000	0.000			
0.200	0.000	0.000	0.000	0.000	0.000	0.000			
0.220	0.000	0.000	0.000	0.000	0.000	0.000			
0.240	0.000	0.000	0.000	0.000	0.000	0.000			
0.260	0.000	0.000	0.000	0.000	0.000	0.000			
0.280	0.000	0.000	0.000	0.000	0.000	0.000			
0.300	0.000	0.000	0.000	0.000	0.000	0.000			
0.320	0.000	0.000	0.000	0.000	0.000	0.000			
0.340	0.000	0.000	0.000	0.000	0.000	0.000			
0.360	0.000	0.000	0.000	0.000	0.000	0.000			
0.380	0.000	0.000	0.000	0.000	0.000	0.000			
0.400	0.000	0.000	0.000	0.000	0.000	0.000			
0.420	0.000	0.000	0.000	0.000	0.000	0.000			
0.440	0.000	0.000	0.000	0.000	0.000	0.000			
0.460	0.000	0.000	0.000	0.000	0.000	0.000			
0.480	0.000	0.000	0.000	0.000	0.000	0.000			
0.500	0.000	0.000	0.000	0.000	0.000	0.000			
0.520	0.000	0.000	0.000	0.000	0.000	0.000			
0.540	0.000	0.000	0.000	0.000	0.000	0.000			
0.560	0.000	0.000	0.000	0.000	0.000	0.000			
0.580	0.000	0.000	0.000	0.000	0.000	0.000			
0.600	0.000	0.000	0.000	0.000	0.000	0.000			
0.620	0.000	0.000	0.000	0.000	0.000	0.000			
0.640	0.000	0.000	0.000	0.000	0.000	0.000			
0.660	0.000	0.000	0.000	0.000	0.000	0.000			
0.680	0.000	0.000	0.000	0.000	0.000	0.000			
0.700	0.000	0.000	0.000	0.000	0.000	0.000			
0.720	0.000	0.000	0.000	0.000	0.000	0.000			
0.740	0.000	0.000	0.000	0.000	0.000	0.000			
0.760	0.000	0.000	0.000	0.000	0.000	0.000			
0.780	0.000	0.000	0.000	0.000	0.000	0.000			
0.800	0.000	0.000	0.000	0.000	0.000	0.000			
0.820	0.000	0.000	0.000	0.000	0.000	0.000			
0.840	0.000	0.000	0.000	0.000	0.000	0.000			
0.860	0.000	0.000	0.000	0.000	0.000	0.000			
0.880	0.000	0.000	0.000	0.000	0.000	0.000			
0.900	0.000	0.000	0.000	0.000	0.000	0.000			
0.920	0.000	0.000	0.000	0.000	0.000	0.000			
0.940	0.000	0.000	0.000	0.000	0.000	0.000			
0.960	0.000	0.000	0.000	0.000	0.000	0.000			
0.980	0.000	0.000	0.000	0.000	0.000	0.000			
