"Overall analyses: data partitioned by mutating triplet, transition/transversion, site type and allele frequency in humans"													
													
P1 = Yoruba													
P2 = French													
chromosomes 1 to 1													
													
Table2. Transition : transversion ratios in different scenarios													
													
Scenario	Humans	N_Mu	TV	TS	ratio								
AAABA	mono	1	8348	16264	1.94825								
AABAA	mono	1	1305	2466	1.88966								
ABAAA	mono	1	1342	2452	1.82712								
BAAAA	mono	1	145	328	2.26207								
ABBAA	mono	1	2979	6108	2.05035								
PAAAA	poly	1	789854	1713099	2.16888								
PAABA	poly	2	8774	20923	2.38466								
PABAA	poly	2	524	1518	2.89695								
PBAAA	poly	2	1085	2415	2.22581								
PBBBA	poly	2	19061	79850	4.18918								
PBBAA	poly	2	10888	24968	2.29317								
													
													
Figure 7. Proportions of triplets that have likely mutated once versus twice 													
													
	AABAA		PAAAA		PBBBA								
Triplet	TV	TS	TV	TS	TV	TS							
AAA	0.0436782	0.026764	0.0374335	0.0218791	0.0401343	0.013325							
AAC	0.0306513	0.0186537	0.0217888	0.0208353	0.0342584	0.0139136							
AAG	0.0298851	0.0178427	0.0302132	0.0216368	0.026389	0.0162179							
AAT	0.0275862	0.0454177	0.0323756	0.0485547	0.0351503	0.0362805							
CAA	0.0183908	0.0223033	0.026691	0.0183591	0.0271234	0.0156794							
CAC	0.0283525	0.0174371	0.0258592	0.0194542	0.0251823	0.0178835							
CAG	0.0291188	0.0324412	0.0317236	0.0287888	0.0250774	0.0258986							
CAT	0.0490421	0.0498783	0.0428003	0.0552332	0.0349929	0.0479399							
GAA	0.0191571	0.0129765	0.0233512	0.0149787	0.0261791	0.0116844							
GAC	0.0168582	0.00973236	0.0164043	0.0116327	0.0224018	0.00971822							
GAG	0.0252874	0.00851582	0.021818	0.0142905	0.0200409	0.0123607							
GAT	0.0176245	0.0186537	0.0296586	0.0184163	0.0269136	0.0131747							
TAA	0.0260536	0.0304136	0.0283875	0.0226321	0.0346781	0.0126863							
TAC	0.0130268	0.0178427	0.0147369	0.0194227	0.0225067	0.0134377							
TAG	0.0183908	0.0145985	0.0163055	0.0184099	0.0137453	0.0139011							
TAT	0.040613	0.0648824	0.0317071	0.0591711	0.0361996	0.0444083							
ACA	0.0712644	0.052717	0.0528655	0.0479762	0.0635853	0.0391359							
ACC	0.0475096	0.0308191	0.0476075	0.0301681	0.0408688	0.0160676							
ACG	0.00996169	0.0523114	0.010864	0.0643407	0.0257069	0.195529							
ACT	0.0521073	0.0332522	0.0434511	0.0348976	0.0415508	0.0283782							
CCA	0.0421456	0.0385239	0.0359446	0.0307081	0.0302712	0.0158172							
CCC	0.0390805	0.0304136	0.0396706	0.0311978	0.0274907	0.0149656							
CCG	0.0114943	0.0470397	0.0119604	0.0534196	0.0188867	0.114214							
CCT	0.0298851	0.0494728	0.0421078	0.040512	0.0354651	0.0192235							
GCA	0.035249	0.0235199	0.038521	0.0250102	0.0344683	0.0145272							
GCC	0.0367816	0.0291971	0.0381589	0.0267743	0.0296417	0.0125611							
GCG	0.0130268	0.0364963	0.0106437	0.0391466	0.0233986	0.0823294							
GCT	0.0298851	0.0320357	0.0316008	0.0301068	0.0275956	0.0159424							
TCA	0.0344828	0.0291971	0.0420711	0.0288547	0.0396621	0.0154665							
TCC	0.0329502	0.0364963	0.0424066	0.0332929	0.0295368	0.0141265							
TCG	0.00842912	0.0381184	0.00882695	0.0371041	0.0193064	0.0665373							
TCT	0.0720306	0.0320357	0.072045	0.032795	0.0615917	0.0166688							
													
													
Figure 8. The relationship between relative triplet mutability and relative contribution to D													
													
	ppn in ABBA and BABA			ppn in higher/lower mutability									
Triplet	propn ABBA	propn BABA	difference	propn PBBBA	propn PAAAA	difference							
AAA	0.040088	0.042017	-0.00192907	0.0401343	0.0374335	0.00270081							
AAC	0.0398572	0.0323932	0.00746404	0.0342584	0.0217888	0.0124696							
AAG	0.0293292	0.0286033	0.000725953	0.026389	0.0302132	-0.00382422							
AAT	0.0368789	0.03433	0.00254888	0.0351503	0.0323756	0.0027747							
CAA	0.0258822	0.0280517	-0.00216959	0.0271234	0.026691	0.000432437							
CAC	0.0247486	0.0259792	-0.00123065	0.0251823	0.0258592	-0.0006769							
CAG	0.0234918	0.029584	-0.00609222	0.0250774	0.0317236	-0.0066462							
CAT	0.0345923	0.040437	-0.00584475	0.0349929	0.0428003	-0.0078074							
GAA	0.0287368	0.0276426	0.00109414	0.0261791	0.0233512	0.00282796							
GAC	0.024264	0.0218792	0.00238488	0.0224018	0.0164043	0.00599747							
GAG	0.0201828	0.020683	-0.000500163	0.0200409	0.021818	-0.00177703							
GAT	0.0291811	0.0278151	0.00136605	0.0269136	0.0296586	-0.00274505							
TAA	0.033988	0.0343926	-0.00040463	0.0346781	0.0283875	0.00629061							
TAC	0.0243698	0.0223883	0.00198151	0.0225067	0.0147369	0.00776979							
TAG	0.0156128	0.0161375	-0.000524647	0.0137453	0.0163055	-0.0025602							
TAT	0.0366359	0.0359123	0.000723593	0.0361996	0.0317071	0.00449244							
ACA	0.0621914	0.0537528	0.0084386	0.0635853	0.0528655	0.0107199							
ACC	0.035713	0.0415118	-0.00579873	0.0408688	0.0476075	-0.00673874							
ACG	0.0268139	0.0213239	0.00549001	0.0257069	0.010864	0.0148429							
ACT	0.0438167	0.0426501	0.00116662	0.0415508	0.0434511	-0.00190026							
CCA	0.0285421	0.0293227	-0.000780625	0.0302712	0.0359446	-0.00567338							
CCC	0.025798	0.027712	-0.00191404	0.0274907	0.0396706	-0.0121799							
CCG	0.0188372	0.0163005	0.00253668	0.0188867	0.0119604	0.00692629							
CCT	0.0336975	0.0355579	-0.00186047	0.0354651	0.0421078	-0.0066427							
GCA	0.0352427	0.0357123	-0.000469618	0.0344683	0.038521	-0.00405276							
GCC	0.0287497	0.0312555	-0.00250573	0.0296417	0.0381589	-0.00851727							
GCG	0.0254836	0.0194924	0.00599116	0.0233986	0.0106437	0.0127548							
GCT	0.0271118	0.0302821	-0.00317022	0.0275956	0.0316008	-0.00400516							
TCA	0.0370969	0.0384133	-0.00131636	0.0396621	0.0420711	-0.00240893							
TCC	0.0288982	0.0336496	-0.00475134	0.0295368	0.0424066	-0.0128698							
TCG	0.0193312	0.015379	0.00395213	0.0193064	0.00882695	0.0104795							
TCT	0.0548367	0.059438	-0.00460133	0.0615917	0.072045	-0.0104532							
													
													
Figure 9. How D varies depending on whether the chimpanzee A or Neanderthal B allele is the major allele in humans (across all populations													
													
	Tranversions		Transitions										
Triplet	D major A	D major B	D major A	D major B									
AAA	-0.209771	0.296217	-0.22144	0.313976									
AAC	-0.166708	0.289144	-0.239541	0.300731									
AAG	-0.154444	0.257546	-0.195188	0.318182									
AAT	-0.171144	0.32985	-0.191381	0.30658									
CAA	-0.220316	0.284101	-0.279647	0.282155									
CAC	-0.168465	0.258697	-0.237624	0.317543									
CAG	-0.203248	0.218164	-0.254893	0.293632									
CAT	-0.212447	0.32342	-0.268384	0.284135									
GAA	-0.192351	0.293243	-0.189793	0.298347									
GAC	-0.142384	0.23593	-0.217375	0.278203									
GAG	-0.264112	0.350123	-0.206862	0.301634									
GAT	-0.122237	0.322889	-0.188494	0.283993									
TAA	-0.206723	0.307323	-0.169854	0.276064									
TAC	-0.246781	0.280872	-0.224917	0.297598									
TAG	-0.14941	0.261268	-0.199135	0.281729									
TAT	-0.217481	0.288405	-0.193788	0.27247									
ACA	-0.160275	0.323357	-0.202819	0.314101									
ACC	-0.182793	0.276061	-0.198698	0.33076									
ACG	-0.255658	0.323177	-0.174199	0.206891									
ACT	-0.178795	0.289657	-0.193424	0.319884									
CCA	-0.189677	0.278884	-0.22227	0.247788									
CCC	-0.154543	0.33901	-0.188544	0.326123									
CCG	-0.136933	0.282008	-0.179543	0.205658									
CCT	-0.20645	0.34099	-0.141331	0.275769									
GCA	-0.183697	0.292548	-0.213031	0.279667									
GCC	-0.148143	0.317941	-0.206143	0.241831									
GCG	-0.135771	0.322117	-0.1685	0.231243									
GCT	-0.206864	0.280805	-0.188976	0.284957									
TCA	-0.154356	0.233996	-0.163281	0.287805									
TCC	-0.150585	0.27797	-0.15532	0.302428									
TCG	-0.111668	0.294804	-0.141861	0.195904									
TCT	-0.173435	0.323592	-0.125301	0.256077									
													
													
Table 3. Partitioning the signal captured by D according to which allele is fixed in which population group													
													
	Altai		Vindija		Denisovan								
P1/P2	TV	TS	TV	TS	TV	TS							
A/P	17.7271	36.2396	18.3907	37.6388	22.5539	45.579							
P/A	-19.37	-46.1619	-21.3052	-50.9627	-82.2034	-199.285							
B/P	-2.87423	-14.8673	-3.07893	-16.2416	-13.1291	-60.1858							
P/B	34.1872	96.8655	37.1796	105.694	105.345	297.659							
P/P	1.25264	-2.99839	-0.576828	-6.7372	1.84027	-18.1739							
ALL	30.9227	69.0773	30.6093	69.3907	34.4067	65.5933							
													
													
Figure 10. Partitioning D* (i.e. ABBA - BABA) across the mutation spectrum													
													
	A/P		P/A		B/P		P/B		P/P		ALL		TOTAL (ALL TS+TV)
Triplet	TV	TS	TV	TS	TV	TS	TV	TS	TV	TS	TV	TS	
AAA	10.3056	10.5657	-9.88983	-14.4239	-1.05159	-2.85714	15.7965	27.9796	-5.71271	-6.39903	9.4479	14.8652	24.3131
AAC	5.96359	8.8281	-5.69127	-15.8214	-1.03571	-2.61177	22.6042	27.2199	15.7862	3.67416	37.627	21.289	58.9161
AAG	9.26923	10.9233	-8.61797	-12.6948	-1.145	-2.45238	13.474	35.0312	0.363831	24.9214	13.3441	55.7287	69.0728
AAT	8.26389	26.8625	-7.34596	-35.5483	-2.30159	-5.35582	18.0306	45.0716	5.05548	-19.9605	21.7025	11.0694	32.7719
CAA	6.06283	9.52447	-10.0948	-14.4113	-0.642857	-2.69974	11.2753	34.6935	-3.28158	-3.85423	3.31891	23.2528	26.5717
CAC	6.04075	7.17283	-8.12663	-13.9246	-1.10989	-4.14352	11.4079	39.0957	-2.49897	4.4614	5.71319	32.6616	38.3748
CAG	6.82514	10.9274	-9.31396	-22.0815	-1.74868	-3.88899	10.9331	52.988	-16.0907	1.18575	-9.39506	39.1305	29.7355
CAT	8.52452	29.0086	-9.94481	-46.2341	-1.07606	-8.32229	13.2231	72.9757	-15.1534	-49.1209	-4.42672	-1.69281	-6.11953
GAA	5.42862	8.70238	-5.09632	-10.4845	-0.946429	-1.88095	11.8052	22.9278	3.03563	14.0982	14.2267	33.3631	47.5898
GAC	3.36706	6.42857	-4.02381	-9.26082	-0.5	-1.87444	12.2537	22.1761	5.3122	12.3405	16.4091	29.8099	46.219
GAG	4.19048	6.29167	-5.85714	-9.5302	-0.946429	-1.94378	12.9307	29.1831	-4.14341	16.0745	6.17424	40.0753	46.2495
GAT	9.12434	8.44709	-7.82587	-10.3287	-1.57143	-0.898301	13.0825	25.128	2.40451	6.43087	15.214	28.7791	43.9931
TAA	8.37103	11.0749	-8.24394	-11.5683	-0.985501	-2.26786	19.403	22.4559	-6.8301	2.65066	11.7145	22.3454	34.0598
TAC	2.96693	7.55703	-6.07684	-12.6609	-0.595899	-1.30693	13.351	24.1374	5.59029	-2.80167	15.2355	14.9249	30.1604
TAG	3.34458	8.55662	-4.39702	-11.8614	-0.428571	-3.87566	6.25336	28.0255	-0.410635	12.8862	4.36171	33.7313	38.093
TAT	7.14748	30.4444	-8.82576	-33.1402	-2.00331	-6.97619	17.5179	52.6311	2.2809	-20.146	16.1172	22.8129	38.93
ACA	11.6225	21.6852	-11.4679	-26.0509	-2.61772	-7.8287	33.3152	62.8796	18.2057	25.6563	49.0578	76.3411	125.399
ACC	11.8765	11.7935	-11.8009	-17.5758	-0.910714	-2.29299	11.1468	24.6871	-14.1734	-2.12304	-3.86179	14.4889	10.6271
ACG	2.03836	29.8416	-4.49459	-42.0163	-1.17923	-48.7349	18.4336	173.912	11.9255	-13.0363	26.7237	99.967	126.691
ACT	10.4107	16.9558	-9.58767	-24.6723	-1.11045	-5.18849	15.0695	54.4131	5.40045	42.1183	20.1826	83.6259	103.809
CCA	5.35409	11.0571	-6.6263	-22.317	-0.608466	-1.96759	10.8927	22.9731	-0.501194	-15.0484	8.51086	-5.30282	3.20804
CCC	7.19928	16.5979	-9.33442	-19.678	-0.880393	-2.04561	9.22843	19.2633	-2.15697	-17.3092	4.05592	-3.17166	0.884258
CCG	2.37836	26.7588	-3.50216	-31.3329	-2.27397	-26.7016	10.1972	94.1326	8.00165	-26.1419	14.8011	36.714	51.5151
CCT	7.87103	18.2647	-10.8772	-25.2684	-0.125661	-3.62897	14.5146	24.5404	-4.16003	-6.45156	7.22283	7.45631	14.6791
GCA	7.92231	8.92196	-10.1093	-15.6843	-0.86045	-2.29534	17.1068	21.7976	-2.06314	-4.17142	11.9963	8.56845	20.5647
GCC	9.72899	11.2734	-10.1276	-14.9003	-1.08466	-3.33862	9.46212	16.7025	-4.58038	-20.9962	3.39846	-11.2594	-7.8609
GCG	2.78337	16.324	-3.82359	-19.538	-0.850275	-18.3267	12.8951	74.4004	16.721	-19.1326	27.7257	33.726	61.4517
GCT	8.29661	17.1496	-10.5015	-15.3936	-1.61772	-3.25132	12.4826	27.3518	-7.88442	-8.75517	0.775568	17.1012	17.8768
TCA	10.3724	12.9625	-7.99903	-13.2478	-2.31349	-1.375	22.4085	27.4975	-12.3147	-4.53384	10.1537	21.3034	31.457
TCC	8.65481	14.7622	-12.2289	-21.4464	-1.375	-1.25066	8.13059	20.3528	-6.48428	-1.25043	-3.30283	11.1676	7.86477
TCG	1.66534	18.2924	-2.62338	-23.7338	-0.752645	-16.5615	10.3766	57.5926	10.5826	-15.2855	19.2486	20.3038	39.5524
TCT	15.2361	13.9153	-20.3593	-16.6639	-1.62302	-3.74868	23.1605	29.6137	-9.39645	6.27234	7.01793	29.389	36.4069
													
													
Figure S2. Variation in transversion : transition ratios across the mutation spectrum													
													
Triplet	AABAA	AAABA	PAAAA										
AAA	1.15789	1.16766	1.26766										
AAC	1.15	1.89071	2.07397										
AAG	1.12821	1.68376	1.55322										
AAT	3.11111	2.40774	3.25274										
CAA	2.29167	1.34842	1.49184										
CAC	1.16216	1.85938	1.63168										
CAG	2.10526	1.68531	1.96823										
CAT	1.92188	2.22038	2.79891										
GAA	1.28	1.36126	1.39124										
GAC	1.09091	1.04167	1.53801										
GAG	0.636364	1.61446	1.42059										
GAT	2	1.3083	1.34675										
TAA	2.20588	1.63485	1.72915										
TAC	2.58824	2.42105	2.85851										
TAG	1.5	2.00641	2.44879										
TAT	3.01887	3.64706	4.04752										
ACA	1.39785	1.97187	1.96829										
ACC	1.22581	1.2425	1.37438										
ACG	9.92308	9.98889	12.8449										
ACT	1.20588	1.37	1.74193										
CCA	1.72727	1.89591	1.85291										
CCC	1.47059	1.78644	1.70566										
CCG	7.73333	6.07692	9.68699										
CCT	3.12821	1.89888	2.08668										
GCA	1.26087	1.42754	1.40817										
GCC	1.5	1.42405	1.5218										
GCG	5.29412	5.75824	7.97692										
GCT	2.02564	2.03673	2.06635										
TCA	1.6	1.55523	1.48754										
TCC	2.09302	1.53198	1.70276										
TCG	8.54545	7.05263	9.1169										
TCT	0.840426	0.996409	0.987277										


Branch length and D analysis in individual windows

P1 = Yoruba
P2 = French
Hetdif = Bantu - Japanese
spike = 0.02
chromosomes 1 to 22
window size = 50000

Figure 4. Branch length to Neanderthals related to branch length to chimpanzees based on locus counts

C_dist	N>P1	N>P2	D'N	ABBA	BABA	D
-1.00	2	3	-0.20	2.45	3.65	-0.20
-0.96	0	0		0.00	0.00	
-0.92	0	0		0.00	0.00	
-0.88	0	0		0.00	0.00	
-0.84	0	0		0.00	0.00	
-0.80	0	0		0.00	0.00	
-0.76	0	0		0.00	0.00	
-0.72	0	0		0.00	0.00	
-0.68	1	24	-0.92	4.99	12.09	-0.42
-0.64	1	75	-0.97	0.48	13.66	-0.93
-0.60	0	0		0.00	0.00	
-0.56	0	0		3.85	0.92	0.62
-0.52	4	139	-0.94	2.18	29.53	-0.86
-0.48	2	158	-0.98	13.50	35.19	-0.45
-0.44	0	16	-1.00	8.19	14.30	-0.27
-0.40	2	69	-0.94	8.46	14.03	-0.25
-0.36	14	110	-0.77	22.90	24.65	-0.04
-0.32	16	174	-0.83	19.11	33.72	-0.28
-0.28	12	59	-0.66	48.60	36.62	0.14
-0.24	37	102	-0.47	46.55	42.56	0.04
-0.20	39	268	-0.75	86.84	126.37	-0.19
-0.16	79	194	-0.42	128.15	129.87	-0.01
-0.12	113	220	-0.32	159.58	206.49	-0.13
-0.08	204	385	-0.31	358.73	347.43	0.02
-0.04	259	313	-0.09	450.65	437.45	0.01
0.00	691	835	-0.09	938.25	848.07	0.05
0.04	964	871	0.05	1262.96	1194.96	0.03
0.08	1495	1107	0.15	1883.49	1695.93	0.05
0.12	2371	1408	0.25	2862.80	2633.94	0.04
0.16	3658	1837	0.33	3693.38	3360.29	0.05
0.20	5975	2477	0.41	6234.44	5560.96	0.06
0.24	8606	2994	0.48	8123.88	7546.98	0.04
0.28	11479	3635	0.52	10200.71	9582.75	0.03
0.32	15818	4146	0.58	12926.47	11793.46	0.05
0.36	19321	4259	0.64	14949.50	13848.53	0.04
0.40	24077	4694	0.67	17135.24	15618.19	0.05
0.44	25770	4147	0.72	17255.71	15295.74	0.06
0.48	25895	3581	0.76	15862.20	14057.65	0.06
0.52	24398	2838	0.79	13746.32	12214.99	0.06
0.56	19520	1878	0.82	9983.28	8985.46	0.05
0.60	14519	1267	0.84	7061.22	5986.88	0.08
0.64	10057	690	0.87	4330.68	3472.85	0.11
0.68	5008	294	0.89	2006.68	1585.99	0.12
0.72	2092	105	0.90	786.70	594.39	0.14
0.76	627	24	0.93	213.91	164.92	0.13
0.80	111	10	0.83	41.57	43.87	-0.03
0.84	21	3	0.75	9.64	14.30	-0.19
0.88	20	0	1.00	4.23	0.14	0.93
0.92	0	0		4.10	4.08	0.00
0.96	0	0		0.00	0.00	
1.00	66	17	0.59	26.14	23.00	0.06
1.04	0	0		0.00	0.00	
1.08	0	0		0.00	0.00	
1.12	0	0		0.00	0.00	
1.16	0	0		0.00	0.00	
1.20	0	0		0.00	0.00	
1.24	0	0		0.00	0.00	
1.28	0	0		0.00	0.00	
1.32	0	0		0.00	0.00	
1.36	0	0		0.00	0.00	
1.40	0	0		0.00	0.00	
1.44	0	0		0.00	0.00	
1.48	0	0		0.00	0.00	
1.52	0	0		0.00	0.00	
1.56	0	0		0.00	0.00	
1.60	0	0		0.00	0.00	
1.64	0	0		0.00	0.00	
1.68	0	0		0.00	0.00	
1.72	0	0		0.00	0.00	
1.76	0	0		0.00	0.00	
1.80	0	0		0.00	0.00	
1.84	0	0		0.00	0.00	
1.88	0	0		0.00	0.00	
1.92	0	0		0.00	0.00	
1.96	0	0		0.00	0.00	
2.00	0	0		0.00	0.00	
2.04	0	0		0.00	0.00	
2.08	0	0		0.00	0.00	
2.12	0	0		0.00	0.00	
2.16	0	0		0.00	0.00	
2.20	0	0		0.00	0.00	
2.24	0	0		0.00	0.00	
2.28	0	0		0.00	0.00	
2.32	0	0		0.00	0.00	
2.36	0	0		0.00	0.00	
2.40	0	0		0.00	0.00	
2.44	0	0		0.00	0.00	
2.48	0	0		0.00	0.00	
2.52	0	0		0.00	0.00	
2.56	0	0		0.00	0.00	
2.60	0	0		0.00	0.00	
2.64	0	0		0.00	0.00	
2.68	0	0		0.00	0.00	
2.72	0	0		0.00	0.00	
2.76	0	0		0.00	0.00	
2.80	0	0		0.00	0.00	
2.84	0	0		0.00	0.00	
2.88	0	0		0.00	0.00	
2.92	0	0		0.00	0.00	
2.96	0	0		0.00	0.00	


Figure 5, main plot. Branch length to Neanderthals related to branch length to chimpanzees based on frequencies

C_dist	N>P1	N>P1	N>P1	N>P1_S	N>P1	N>P2	D(P1,P1)'N	D(P1,P1S)'ND(P1,P2)'N
-1.000	0.000	0.000	0.000	0.000	0.000	0.000			
-0.960	0.000	0.000	0.000	0.000	0.000	0.000			
-0.920	0.000	0.000	0.000	0.000	0.000	0.000			
-0.880	0.000	0.000	0.000	0.000	0.000	0.000			
-0.840	0.000	0.000	0.000	0.000	0.000	0.000			
-0.800	0.000	0.000	0.000	0.000	0.000	0.000			
-0.760	0.000	0.000	0.000	0.000	0.000	0.000			
-0.720	0.000	0.000	0.000	0.000	0.000	0.000			
-0.680	0.000	0.000	0.000	0.000	0.000	0.000			
-0.640	0.000	0.000	0.000	0.000	0.000	0.000			
-0.600	0.000	0.000	0.000	0.000	2568.000	10750.000			-0.614
-0.560	0.000	0.000	0.000	0.000	6761.000	14845.000			-0.374
-0.520	0.000	0.000	0.000	0.000	0.000	0.000			
-0.480	0.000	0.000	0.000	0.000	2853.000	8469.000			-0.496
-0.440	0.000	0.000	0.000	0.000	0.000	0.000			
-0.400	0.000	0.000	0.000	0.000	19856.000	31759.000			-0.231
-0.360	0.000	0.000	0.000	0.000	52538.000	98523.000			-0.304
-0.320	0.000	0.000	0.000	0.000	91275.000	159047.000			-0.271
-0.280	0.000	0.000	0.000	0.000	305100.000	433620.000			-0.174
-0.240	0.000	0.000	0.000	0.000	758143.000	1065909.000			-0.169
-0.200	0.000	0.000	0.000	0.000	2415068.000	3038405.000			-0.114
-0.160	0.000	0.000	0.000	0.000	7984978.000	9454514.000			-0.084
-0.120	0.000	0.000	0.000	0.000	22267602.000	24449925.000			-0.047
-0.080	0.000	0.000	0.000	0.000	58240474.000	60902078.000			-0.022
-0.040	201285364.000	202351101.000	111767291.000	106898470.000	109873825.000	107984643.000	-0.003	0.022	0.009
0.000	200769839.000	199710691.000	301528250.000	287108066.000	131602097.000	122014856.000	0.003	0.024	0.038
0.040	0.000	0.000	7221.000	6442.000	104284850.000	91232853.000		0.057	0.067
0.080	0.000	0.000	0.000	0.000	60304223.000	49813167.000			0.095
0.120	0.000	0.000	0.000	0.000	30096486.000	23227646.000			0.129
0.160	0.000	0.000	0.000	0.000	13790223.000	9800932.000			0.169
0.200	0.000	0.000	0.000	0.000	6085593.000	4057982.000			0.200
0.240	0.000	0.000	0.000	0.000	2743658.000	1648654.000			0.249
0.280	0.000	0.000	0.000	0.000	1388892.000	774084.000			0.284
0.320	0.000	0.000	0.000	0.000	590341.000	300139.000			0.326
0.360	0.000	0.000	0.000	0.000	438974.000	193867.000			0.387
0.400	0.000	0.000	0.000	0.000	243276.000	118124.000			0.346
0.440	0.000	0.000	0.000	0.000	107660.000	35830.000			0.501
0.480	0.000	0.000	0.000	0.000	71426.000	25409.000			0.475
0.520	0.000	0.000	0.000	0.000	28082.000	12716.000			0.377
0.560	0.000	0.000	0.000	0.000	27905.000	7772.000			0.564
0.600	0.000	0.000	0.000	0.000	44883.000	10514.000			0.620
0.640	0.000	0.000	0.000	0.000	31193.000	6583.000			0.651
0.680	0.000	0.000	0.000	0.000	3211.000	1551.000			0.349
0.720	0.000	0.000	0.000	0.000	0.000	0.000			
0.760	0.000	0.000	0.000	0.000	0.000	0.000			
0.800	0.000	0.000	0.000	0.000	0.000	0.000			
0.840	0.000	0.000	0.000	0.000	27251.000	3608.000			0.766
0.880	0.000	0.000	0.000	0.000	6782.000	1060.000			0.730
0.920	0.000	0.000	0.000	0.000	0.000	0.000			
0.960	0.000	0.000	0.000	0.000	0.000	0.000			
1.000	0.000	0.000	0.000	0.000	0.000	0.000			
1.040	0.000	0.000	0.000	0.000	0.000	0.000			
1.080	0.000	0.000	0.000	0.000	0.000	0.000			
1.120	0.000	0.000	0.000	0.000	0.000	0.000			
1.160	0.000	0.000	0.000	0.000	0.000	0.000			
1.200	0.000	0.000	0.000	0.000	0.000	0.000			
1.240	0.000	0.000	0.000	0.000	0.000	0.000			
1.280	0.000	0.000	0.000	0.000	0.000	0.000			
1.320	0.000	0.000	0.000	0.000	0.000	0.000			
1.360	0.000	0.000	0.000	0.000	0.000	0.000			
1.400	0.000	0.000	0.000	0.000	0.000	0.000			
1.440	0.000	0.000	0.000	0.000	0.000	0.000			
1.480	0.000	0.000	0.000	0.000	0.000	0.000			
1.520	0.000	0.000	0.000	0.000	0.000	0.000			
1.560	0.000	0.000	0.000	0.000	0.000	0.000			
1.600	0.000	0.000	0.000	0.000	0.000	0.000			
1.640	0.000	0.000	0.000	0.000	0.000	0.000			
1.680	0.000	0.000	0.000	0.000	0.000	0.000			
1.720	0.000	0.000	0.000	0.000	0.000	0.000			
1.760	0.000	0.000	0.000	0.000	0.000	0.000			
1.800	0.000	0.000	0.000	0.000	0.000	0.000			
1.840	0.000	0.000	0.000	0.000	0.000	0.000			
1.880	0.000	0.000	0.000	0.000	0.000	0.000			
1.920	0.000	0.000	0.000	0.000	0.000	0.000			
1.960	0.000	0.000	0.000	0.000	0.000	0.000			
2.000	0.000	0.000	0.000	0.000	0.000	0.000			
2.040	0.000	0.000	0.000	0.000	0.000	0.000			
2.080	0.000	0.000	0.000	0.000	0.000	0.000			
2.120	0.000	0.000	0.000	0.000	0.000	0.000			
2.160	0.000	0.000	0.000	0.000	0.000	0.000			
2.200	0.000	0.000	0.000	0.000	0.000	0.000			
2.240	0.000	0.000	0.000	0.000	0.000	0.000			
2.280	0.000	0.000	0.000	0.000	0.000	0.000			
2.320	0.000	0.000	0.000	0.000	0.000	0.000			
2.360	0.000	0.000	0.000	0.000	0.000	0.000			
2.400	0.000	0.000	0.000	0.000	0.000	0.000			
2.440	0.000	0.000	0.000	0.000	0.000	0.000			
2.480	0.000	0.000	0.000	0.000	0.000	0.000			
2.520	0.000	0.000	0.000	0.000	0.000	0.000			
2.560	0.000	0.000	0.000	0.000	0.000	0.000			
2.600	0.000	0.000	0.000	0.000	0.000	0.000			
2.640	0.000	0.000	0.000	0.000	0.000	0.000			
2.680	0.000	0.000	0.000	0.000	0.000	0.000			
2.720	0.000	0.000	0.000	0.000	0.000	0.000			
2.760	0.000	0.000	0.000	0.000	0.000	0.000			
2.800	0.000	0.000	0.000	0.000	0.000	0.000			
2.840	0.000	0.000	0.000	0.000	0.000	0.000			
2.880	0.000	0.000	0.000	0.000	0.000	0.000			
2.920	0.000	0.000	0.000	0.000	0.000	0.000			
2.960	0.000	0.000	0.000	0.000	0.000	0.000			


Figure 5, inset. Branch length to Neanderthals related to branch length to chimpanzees based on frequencies

C_dist	N>P1	N>P1	N>P1	N>P1_S	N>P1	N>P2	D(P1,P1)'N	D(P1,P1S)'ND(P1,P2)'N
-0.10	0.00	0.00	0.00	0.00	1034599.00	1135276.00			-0.05
-0.10	0.00	0.00	0.00	0.00	985542.00	1090550.00			-0.05
-0.10	0.00	0.00	0.00	0.00	1138179.00	1321308.00			-0.07
-0.09	0.00	0.00	0.00	0.00	1383860.00	1456360.00			-0.03
-0.09	0.00	0.00	0.00	0.00	1348651.00	1414525.00			-0.02
-0.09	0.00	0.00	0.00	0.00	1271625.00	1360848.00			-0.03
-0.09	0.00	0.00	0.00	0.00	1374564.00	1489773.00			-0.04
-0.09	0.00	0.00	0.00	0.00	1856145.00	2029923.00			-0.04
-0.08	0.00	0.00	0.00	0.00	1719427.00	1862113.00			-0.04
-0.08	0.00	0.00	0.00	0.00	1699960.00	1827454.00			-0.04
-0.08	0.00	0.00	0.00	0.00	2069806.00	2322617.00			-0.06
-0.08	0.00	0.00	0.00	0.00	1951167.00	2098598.00			-0.04
-0.08	0.00	0.00	0.00	0.00	2053629.00	2154218.00			-0.02
-0.07	0.00	0.00	0.00	0.00	2114372.00	2236990.00			-0.03
-0.07	0.00	0.00	0.00	0.00	2335926.00	2467180.00			-0.03
-0.07	0.00	0.00	0.00	0.00	2348028.00	2552274.00			-0.04
-0.07	0.00	0.00	0.00	0.00	2148411.00	2345832.00			-0.04
-0.07	0.00	0.00	0.00	0.00	2501341.00	2608342.00			-0.02
-0.06	0.00	0.00	0.00	0.00	2611091.00	2714434.00			-0.02
-0.06	0.00	0.00	0.00	0.00	2627466.00	2731581.00			-0.02
-0.06	0.00	0.00	0.00	0.00	2863191.00	3011620.00			-0.03
-0.06	0.00	0.00	0.00	0.00	3127658.00	3311816.00			-0.03
-0.06	0.00	0.00	0.00	0.00	3447034.00	3591203.00			-0.02
-0.05	0.00	0.00	0.00	0.00	3253434.00	3357874.00			-0.02
-0.05	0.00	0.00	0.00	0.00	3235561.00	3346946.00			-0.02
-0.05	0.00	0.00	0.00	0.00	3110832.00	3234101.00			-0.02
-0.05	0.00	0.00	0.00	0.00	3738335.00	3853935.00			-0.02
-0.05	0.00	0.00	0.00	0.00	3930462.00	4116548.00			-0.02
-0.04	0.00	0.00	0.00	0.00	4423911.00	4480971.00			-0.01
-0.04	0.00	0.00	0.00	0.00	4348819.00	4364998.00			-0.00
-0.04	0.00	0.00	0.00	0.00	4426248.00	4537151.00			-0.01
-0.04	0.00	0.00	3364.00	2955.00	4713398.00	4771847.00		0.06	-0.01
-0.04	0.00	0.00	0.00	0.00	4486655.00	4645301.00			-0.02
-0.03	0.00	0.00	7411.00	6982.00	4460214.00	4435159.00		0.03	0.00
-0.03	0.00	0.00	0.00	0.00	4968276.00	5039285.00			-0.01
-0.03	0.00	0.00	14700.00	13654.00	5190246.00	5223648.00		0.04	-0.00
-0.03	5547.00	5739.00	2789.00	2764.00	5195623.00	5074047.00	-0.02	0.00	0.01
-0.03	8027.00	8280.00	35944.00	33178.00	4815128.00	4680607.00	-0.02	0.04	0.01
-0.02	28672.00	29403.00	41862.00	39557.00	5440639.00	5351581.00	-0.01	0.03	0.01
-0.02	56820.00	58695.00	90227.00	84641.00	5444687.00	5372405.00	-0.02	0.03	0.01
-0.02	219699.00	226173.00	208751.00	198037.00	5755661.00	5610529.00	-0.01	0.03	0.01
-0.02	543960.00	558109.00	429626.00	408756.00	5994068.00	5961300.00	-0.01	0.02	0.00
-0.02	1107510.00	1132598.00	857628.00	816829.00	6120595.00	5979711.00	-0.01	0.02	0.01
-0.01	2975051.00	3028519.00	1569461.00	1499447.00	5609383.00	5552295.00	-0.01	0.02	0.01
-0.01	6424197.00	6520242.00	3407587.00	3255064.00	6156143.00	5922213.00	-0.01	0.02	0.02
-0.01	12330736.00	12475684.00	5999026.00	5735666.00	6121017.00	5804564.00	-0.01	0.02	0.03
-0.01	23593683.00	23805016.00	11249656.00	10758713.00	6052602.00	5838242.00	-0.00	0.02	0.02
-0.01	38324537.00	38565951.00	18588080.00	17791660.00	6397158.00	6032337.00	-0.00	0.02	0.03
-0.00	51947006.00	52137532.00	29428921.00	28162628.00	6076552.00	6016772.00	-0.00	0.02	0.00
-0.00	63719919.00	63799160.00	39832258.00	38087939.00	6449532.00	6135649.00	-0.00	0.02	0.02
0.00	62175479.00	62094444.00	51455339.00	49178280.00	6269776.00	6032299.00	0.00	0.02	0.02
0.00	53415289.00	53223779.00	53458905.00	51029664.00	6913956.00	6570881.00	0.00	0.02	0.03
0.00	37937964.00	37701720.00	51813608.00	49417703.00	6821284.00	6516757.00	0.00	0.02	0.02
0.01	23541260.00	23324736.00	44928854.00	42799899.00	6572801.00	6143248.00	0.00	0.02	0.03
0.01	12689425.00	12542123.00	35760595.00	34016243.00	6331808.00	5818399.00	0.01	0.02	0.04
0.01	6006929.00	5918938.00	25027986.00	23768466.00	6607820.00	6136715.00	0.01	0.03	0.04
0.01	2919037.00	2868061.00	16113012.00	15271421.00	7137901.00	6717976.00	0.01	0.03	0.03
0.01	1317988.00	1292016.00	9896004.00	9354535.00	6708399.00	6238082.00	0.01	0.03	0.04
0.02	442266.00	431224.00	5917273.00	5584368.00	6527822.00	6167964.00	0.01	0.03	0.03
0.02	198848.00	192831.00	3120709.00	2931592.00	6947684.00	6417041.00	0.02	0.03	0.04
0.02	80945.00	78139.00	1794622.00	1679765.00	6574213.00	6080318.00	0.02	0.03	0.04
0.02	20105.00	19359.00	1063192.00	988835.00	6540528.00	6094922.00	0.02	0.04	0.04
0.02	2662.00	2572.00	553935.00	513112.00	6648956.00	6145809.00	0.02	0.04	0.04
0.03	9950.00	9547.00	261308.00	241887.00	6287689.00	5877137.00	0.02	0.04	0.03
0.03	6373.00	6107.00	162738.00	150058.00	7164304.00	6670628.00	0.02	0.04	0.04
0.03	5319.00	5095.00	81588.00	75382.00	6488810.00	5988391.00	0.02	0.04	0.04
0.03	0.00	0.00	54754.00	49619.00	6439650.00	5769011.00		0.05	0.05
0.03	0.00	0.00	26825.00	23890.00	6444264.00	5801023.00		0.06	0.05
0.04	0.00	0.00	26961.00	24162.00	5865732.00	5184869.00		0.05	0.06
0.04	0.00	0.00	10042.00	9185.00	6308700.00	5643386.00		0.04	0.06
0.04	0.00	0.00	4053.00	3596.00	5917769.00	5268177.00		0.06	0.06
0.04	0.00	0.00	0.00	0.00	6137519.00	5500304.00			0.05
0.04	0.00	0.00	3168.00	2846.00	5867537.00	5198696.00		0.05	0.06
0.05	0.00	0.00	0.00	0.00	6290384.00	5599788.00			0.06
0.05	0.00	0.00	0.00	0.00	5894645.00	5200797.00			0.06
0.05	0.00	0.00	0.00	0.00	5524897.00	4881736.00			0.06
0.05	0.00	0.00	0.00	0.00	5645546.00	5122903.00			0.05
0.05	0.00	0.00	0.00	0.00	5480109.00	4841961.00			0.06
0.06	0.00	0.00	0.00	0.00	5423253.00	4722159.00			0.07
0.06	0.00	0.00	0.00	0.00	5084366.00	4546638.00			0.06
0.06	0.00	0.00	0.00	0.00	5246948.00	4528319.00			0.07
0.06	0.00	0.00	0.00	0.00	4946816.00	4251318.00			0.08
0.06	0.00	0.00	0.00	0.00	4823976.00	4203819.00			0.07
0.07	0.00	0.00	0.00	0.00	4766416.00	4102687.00			0.07
0.07	0.00	0.00	0.00	0.00	4603109.00	4032103.00			0.07
0.07	0.00	0.00	0.00	0.00	5019285.00	4262367.00			0.08
0.07	0.00	0.00	0.00	0.00	4394710.00	3780455.00			0.08
0.07	0.00	0.00	0.00	0.00	4382061.00	3763239.00			0.08
0.08	0.00	0.00	0.00	0.00	4469141.00	3785657.00			0.08
0.08	0.00	0.00	0.00	0.00	4366363.00	3639730.00			0.09
0.08	0.00	0.00	0.00	0.00	3671123.00	3184151.00			0.07
0.08	0.00	0.00	0.00	0.00	3986495.00	3451500.00			0.07
0.08	0.00	0.00	0.00	0.00	3904029.00	3251897.00			0.09
0.09	0.00	0.00	0.00	0.00	3908512.00	3291501.00			0.09
0.09	0.00	0.00	0.00	0.00	2955792.00	2512240.00			0.08
0.09	0.00	0.00	0.00	0.00	3957729.00	3361317.00			0.08
0.09	0.00	0.00	0.00	0.00	3195648.00	2640667.00			0.10
0.09	0.00	0.00	0.00	0.00	3476479.00	2756406.00			0.12
0.10	0.00	0.00	0.00	0.00	3378463.00	2837522.00			0.09
0.10	0.00	0.00	0.00	0.00	2922278.00	2340170.00			0.11


Figure 6, D calculated separately based on different classes of variants

	Archaics polymorphic						Archaics monomorphic
Triplet	D(P1, P2)	s.e.	D(P1, P1)	s.e.	D(P1, P1_S)	s.e.	D(P1, P2)	s.e.	D(P1, P1)	s.e.	D(P1, P1_S)	s.e.
AAA_TV	0.06	0.01	0.00	0.00	0.13	0.00	0.01	0.01	-0.00	0.00	0.04	0.00
AAC_TV	0.17	0.01	-0.00	0.00	0.09	0.00	0.15	0.01	-0.00	0.00	0.03	0.00
AAG_TV	0.11	0.02	0.00	0.00	0.13	0.01	0.07	0.01	0.00	0.00	0.04	0.00
AAT_TV	0.10	0.01	-0.00	0.00	0.14	0.00	0.03	0.01	0.00	0.00	0.04	0.00
CAA_TV	0.08	0.02	-0.00	0.00	0.14	0.00	-0.00	0.01	0.00	0.00	0.04	0.00
CAC_TV	0.07	0.02	0.00	0.00	0.14	0.01	0.02	0.01	-0.00	0.00	0.04	0.00
CAG_TV	-0.01	0.02	0.00	0.00	0.16	0.01	-0.03	0.01	0.00	0.00	0.05	0.00
CAT_TV	-0.00	0.01	-0.00	0.00	0.15	0.00	-0.04	0.01	-0.00	0.00	0.05	0.00
GAA_TV	0.10	0.02	-0.00	0.00	0.13	0.00	0.05	0.01	-0.00	0.00	0.04	0.00
GAC_TV	0.14	0.02	0.00	0.00	0.12	0.01	0.12	0.01	-0.00	0.00	0.04	0.00
GAG_TV	0.06	0.02	0.00	0.00	0.16	0.01	0.03	0.01	-0.00	0.00	0.04	0.00
GAT_TV	0.07	0.02	0.00	0.00	0.14	0.00	0.02	0.01	0.00	0.00	0.05	0.00
TAA_TV	0.07	0.02	0.00	0.00	0.13	0.01	0.02	0.01	-0.00	0.00	0.04	0.00
TAC_TV	0.17	0.02	-0.00	0.00	0.11	0.01	0.12	0.01	-0.00	0.00	0.03	0.00
TAG_TV	0.07	0.02	-0.00	0.00	0.17	0.01	0.00	0.02	-0.00	0.00	0.04	0.00
TAT_TV	0.12	0.02	-0.00	0.00	0.12	0.01	0.08	0.01	-0.00	0.00	0.04	0.00
ACA_TV	0.13	0.01	0.00	0.00	0.11	0.00	0.11	0.01	0.00	0.00	0.04	0.00
ACC_TV	0.02	0.01	-0.00	0.00	0.15	0.00	-0.03	0.01	0.00	0.00	0.05	0.00
ACG_TV	0.18	0.02	-0.00	0.00	0.08	0.00	0.15	0.01	-0.00	0.00	0.03	0.00
ACT_TV	0.10	0.01	0.00	0.00	0.13	0.00	0.07	0.01	-0.00	0.00	0.04	0.00
CCA_TV	0.08	0.02	0.00	0.00	0.15	0.01	0.04	0.01	0.00	0.00	0.04	0.00
CCC_TV	0.00	0.02	-0.00	0.00	0.16	0.00	-0.03	0.01	-0.00	0.00	0.05	0.00
CCG_TV	0.18	0.02	-0.00	0.00	0.15	0.01	0.16	0.02	0.00	0.00	0.03	0.00
CCT_TV	0.06	0.01	-0.00	0.00	0.14	0.00	0.03	0.01	0.00	0.00	0.05	0.00
GCA_TV	0.11	0.01	0.00	0.00	0.13	0.00	0.06	0.01	-0.00	0.00	0.04	0.00
GCC_TV	0.03	0.02	0.00	0.00	0.16	0.01	-0.03	0.01	0.00	0.00	0.05	0.00
GCG_TV	0.23	0.02	-0.00	0.00	0.10	0.01	0.15	0.01	-0.00	0.00	0.03	0.00
GCT_TV	0.09	0.02	-0.00	0.00	0.14	0.01	0.04	0.01	-0.00	0.00	0.04	0.00
TCA_TV	0.08	0.01	-0.00	0.00	0.12	0.00	0.05	0.01	-0.00	0.00	0.04	0.00
TCC_TV	0.02	0.01	-0.00	0.00	0.16	0.00	-0.05	0.01	0.00	0.00	0.05	0.00
TCG_TV	0.24	0.02	-0.00	0.00	0.12	0.01	0.13	0.01	-0.00	0.00	0.03	0.00
TCT_TV	0.02	0.01	-0.00	0.00	0.14	0.00	-0.02	0.01	0.00	0.00	0.05	0.00
AAA_TS	0.07	0.01	-0.00	0.00	0.12	0.00	0.02	0.01	0.00	0.00	0.04	0.00
AAC_TS	0.07	0.01	0.00	0.00	0.11	0.00	0.04	0.01	-0.00	0.00	0.04	0.00
AAG_TS	0.12	0.01	0.00	0.00	0.10	0.00	0.09	0.01	-0.00	0.00	0.03	0.00
AAT_TS	-0.00	0.01	0.00	0.00	0.13	0.00	-0.02	0.01	0.00	0.00	0.04	0.00
CAA_TS	0.10	0.01	-0.00	0.00	0.10	0.00	0.03	0.01	0.00	0.00	0.03	0.00
CAC_TS	0.10	0.01	-0.00	0.00	0.10	0.00	0.02	0.01	0.00	0.00	0.03	0.00
CAG_TS	0.10	0.01	0.00	0.00	0.10	0.00	-0.00	0.01	-0.00	0.00	0.03	0.00
CAT_TS	0.06	0.01	-0.00	0.00	0.10	0.00	-0.04	0.01	-0.00	0.00	0.04	0.00
GAA_TS	0.12	0.01	-0.00	0.00	0.11	0.00	0.07	0.01	-0.00	0.00	0.04	0.00
GAC_TS	0.13	0.01	-0.00	0.00	0.09	0.00	0.09	0.01	0.00	0.00	0.03	0.00
GAG_TS	0.14	0.01	0.00	0.00	0.09	0.00	0.11	0.01	0.00	0.00	0.03	0.00
GAT_TS	0.11	0.01	0.00	0.00	0.11	0.00	0.06	0.01	-0.00	0.00	0.04	0.00
TAA_TS	0.08	0.01	0.00	0.00	0.12	0.00	0.04	0.01	0.00	0.00	0.04	0.00
TAC_TS	0.09	0.01	-0.00	0.00	0.11	0.00	0.05	0.01	0.00	0.00	0.04	0.00
TAG_TS	0.13	0.01	0.00	0.00	0.10	0.00	0.08	0.01	0.00	0.00	0.03	0.00
TAT_TS	0.04	0.01	-0.00	0.00	0.13	0.00	0.00	0.01	0.00	0.00	0.04	0.00
ACA_TS	0.12	0.01	-0.00	0.00	0.10	0.00	0.07	0.01	0.00	0.00	0.04	0.00
ACC_TS	0.04	0.01	0.00	0.00	0.13	0.00	0.02	0.01	0.00	0.00	0.04	0.00
ACG_TS	0.09	0.01	-0.00	0.00	0.11	0.00	0.08	0.00	0.00	0.00	0.03	0.00
ACT_TS	0.15	0.01	-0.00	0.00	0.09	0.00	0.10	0.01	-0.00	0.00	0.03	0.00
CCA_TS	0.03	0.01	-0.00	0.00	0.13	0.00	0.00	0.01	0.00	0.00	0.04	0.00
CCC_TS	0.01	0.01	-0.00	0.00	0.15	0.00	-0.02	0.01	-0.00	0.00	0.05	0.00
CCG_TS	0.07	0.01	-0.00	0.00	0.12	0.00	0.06	0.01	0.00	0.00	0.03	0.00
CCT_TS	0.04	0.01	0.00	0.00	0.14	0.00	0.00	0.01	-0.00	0.00	0.05	0.00
GCA_TS	0.06	0.01	-0.00	0.00	0.13	0.00	0.03	0.01	-0.00	0.00	0.04	0.00
GCC_TS	0.04	0.01	0.00	0.00	0.15	0.00	-0.02	0.01	0.00	0.00	0.05	0.00
GCG_TS	0.06	0.01	0.00	0.00	0.12	0.00	0.05	0.01	0.00	0.00	0.03	0.00
GCT_TS	0.08	0.01	-0.00	0.00	0.13	0.00	0.04	0.01	-0.00	0.00	0.04	0.00
TCA_TS	0.09	0.01	0.00	0.00	0.12	0.00	0.04	0.01	-0.00	0.00	0.04	0.00
TCC_TS	0.06	0.01	0.00	0.00	0.14	0.00	-0.01	0.01	0.00	0.00	0.05	0.00
TCG_TS	0.04	0.01	0.00	0.00	0.13	0.00	0.04	0.01	0.00	0.00	0.04	0.00
TCT_TS	0.10	0.01	0.00	0.00	0.13	0.00	0.06	0.01	0.00	0.00	0.04	0.00


Figure 11, how D varies with the slope of the relationship between heterozygosity and distance from Africa

	ALL		Major=A		Major=B
slope	ABBA	BABA	ABBA	BABA	ABBA	BABA	D_ALL	D_MajorA	D_MajorB
-50	534.07	500.04	154.65	369.37	379.43	130.67	0.03	-0.41	0.49
-49	98.41	93.49	20.65	64.00	77.76	29.50	0.03	-0.51	0.45
-48	105.00	90.20	20.51	71.63	84.49	18.57	0.08	-0.55	0.64
-47	40.32	72.75	14.97	51.04	25.35	21.71	-0.29	-0.55	0.08
-46	101.66	67.74	21.07	45.79	80.60	21.96	0.20	-0.37	0.57
-45	117.69	85.50	22.33	57.70	95.36	27.81	0.16	-0.44	0.55
-44	68.58	78.47	14.22	62.92	54.37	15.55	-0.07	-0.63	0.56
-43	165.19	140.97	42.13	105.48	123.06	35.49	0.08	-0.43	0.55
-42	135.25	84.42	25.52	54.06	109.73	30.36	0.23	-0.36	0.57
-41	131.20	89.11	37.44	62.29	93.76	26.82	0.19	-0.25	0.56
-40	197.04	128.31	58.76	74.46	138.28	53.85	0.21	-0.12	0.44
-39	251.56	195.26	86.80	118.17	164.76	77.09	0.13	-0.15	0.36
-38	283.49	203.12	68.09	135.27	215.40	67.85	0.17	-0.33	0.52
-37	251.60	230.00	60.60	134.32	191.01	95.68	0.04	-0.38	0.33
-36	360.87	264.01	83.29	179.49	277.58	84.52	0.16	-0.37	0.53
-35	291.86	236.56	80.98	159.08	210.88	77.48	0.10	-0.33	0.46
-34	442.56	407.21	134.33	291.81	308.23	115.40	0.04	-0.37	0.46
-33	409.02	389.73	147.60	285.62	261.41	104.11	0.02	-0.32	0.43
-32	436.81	420.91	125.19	281.38	311.63	139.54	0.02	-0.38	0.38
-31	644.26	544.97	172.06	358.30	472.20	186.67	0.08	-0.35	0.43
-30	838.80	766.14	253.70	520.25	585.09	245.89	0.05	-0.34	0.41
-29	883.70	718.53	269.49	484.93	614.22	233.60	0.10	-0.29	0.45
-28	921.00	755.90	265.85	481.94	655.15	273.96	0.10	-0.29	0.41
-27	987.11	973.49	307.02	626.28	680.09	347.21	0.01	-0.34	0.32
-26	1187.19	1028.03	348.96	624.26	838.23	403.77	0.07	-0.28	0.35
-25	1512.97	1400.24	512.79	952.77	1000.18	447.47	0.04	-0.30	0.38
-24	1486.19	1285.69	455.24	824.64	1030.95	461.05	0.07	-0.29	0.38
-23	1693.04	1551.51	558.73	1027.18	1134.31	524.33	0.04	-0.30	0.37
-22	1795.41	1596.97	610.76	1057.69	1184.65	539.29	0.06	-0.27	0.37
-21	2312.76	1938.30	749.81	1235.97	1562.95	702.33	0.09	-0.24	0.38
-20	2590.03	2289.45	803.70	1415.75	1786.33	873.70	0.06	-0.28	0.34
-19	2991.97	2649.66	929.03	1703.41	2062.93	946.25	0.06	-0.29	0.37
-18	3070.55	2809.86	1021.21	1858.97	2049.34	950.89	0.04	-0.29	0.37
-17	3583.87	3245.16	1139.44	2055.79	2444.43	1189.37	0.05	-0.29	0.35
-16	4362.84	3675.60	1475.90	2287.57	2886.94	1388.03	0.09	-0.22	0.35
-15	4650.75	4100.14	1546.04	2548.87	3104.72	1551.26	0.06	-0.24	0.33
-14	5101.77	4454.97	1794.22	2849.39	3307.54	1605.58	0.07	-0.23	0.35
-13	5643.87	4861.83	1841.87	2946.45	3802.00	1915.38	0.07	-0.23	0.33
-12	6192.22	5558.88	2183.78	3403.58	4008.44	2155.30	0.05	-0.22	0.30
-11	6738.79	6138.28	2306.00	3751.38	4432.78	2386.91	0.05	-0.24	0.30
-10	7257.54	6610.51	2585.76	4028.64	4671.77	2581.87	0.05	-0.22	0.29
-9	7778.53	6821.23	2716.96	4040.50	5061.58	2780.74	0.07	-0.20	0.29
-8	8074.39	7184.86	2887.45	4218.44	5186.94	2966.41	0.06	-0.19	0.27
-7	8306.27	7536.40	3055.30	4351.74	5250.97	3184.67	0.05	-0.18	0.24
-6	8343.27	7436.49	3062.97	4182.80	5280.30	3253.67	0.06	-0.15	0.24
-5	8145.08	7555.31	3144.91	4329.81	5000.18	3225.49	0.04	-0.16	0.22
-4	8037.00	7168.41	3109.12	4010.74	4927.89	3157.67	0.06	-0.13	0.22
-3	7291.29	6616.21	2869.92	3744.98	4421.37	2871.22	0.05	-0.13	0.21
-2	6124.39	5577.81	2433.44	3124.10	3690.93	2453.71	0.05	-0.12	0.20
-1	5171.89	4650.54	2025.85	2570.36	3146.03	2080.17	0.05	-0.12	0.20
0	3680.62	3444.23	1440.60	1807.05	2240.03	1637.18	0.03	-0.11	0.16
1	2968.09	3046.65	1197.01	1713.35	1771.08	1333.30	-0.01	-0.18	0.14
2	2142.40	1900.14	847.07	1029.50	1295.32	870.64	0.06	-0.10	0.20
3	1533.63	1539.75	647.76	852.18	885.87	687.57	-0.00	-0.14	0.13
4	1041.03	1010.73	392.15	549.83	648.88	460.90	0.01	-0.17	0.17
5	902.86	948.39	349.25	500.29	553.61	448.10	-0.02	-0.18	0.11
6	619.81	524.76	283.14	282.59	336.67	242.17	0.08	0.00	0.16
7	480.73	564.16	209.93	300.29	270.80	263.88	-0.08	-0.18	0.01
8	278.46	292.32	114.31	175.07	164.14	117.25	-0.02	-0.21	0.17
9	215.70	238.26	81.12	147.59	134.58	90.67	-0.05	-0.29	0.19
10	192.42	190.33	64.18	101.51	128.25	88.81	0.01	-0.23	0.18
11	157.51	110.24	54.52	70.25	102.99	39.99	0.18	-0.13	0.44
12	105.17	102.06	60.16	56.65	45.01	45.41	0.01	0.03	-0.00
13	95.47	90.47	30.91	37.79	64.56	52.68	0.03	-0.10	0.10
14	63.88	85.75	29.95	70.91	33.93	14.84	-0.15	-0.41	0.39
15	93.16	65.84	53.10	42.41	40.06	23.43	0.17	0.11	0.26
16	39.07	51.25	9.79	16.16	29.28	35.09	-0.13	-0.25	-0.09
17	3.57	3.55	0.67	0.79	2.90	2.76	0.00	-0.08	0.02
18	40.18	22.90	6.23	6.99	33.95	15.91	0.27	-0.06	0.36
19	11.90	8.63	4.52	4.40	7.38	4.23	0.16	0.01	0.27
20	4.53	21.20	3.96	10.95	0.57	10.25	-0.65	-0.47	-0.89
21	5.76	9.11	0.41	1.94	5.35	7.17	-0.23	-0.65	-0.15
22	18.01	12.56	7.18	12.22	10.83	0.33	0.18	-0.26	0.94
23	0.00	0.00	0.00	0.00	0.00	0.00			
24	7.08	29.92	0.85	0.19	6.23	29.73	-0.62	0.63	-0.65
25	15.24	9.50	5.28	3.46	9.96	6.04	0.23	0.21	0.24
26	38.57	38.87	9.73	12.37	28.83	26.50	-0.00	-0.12	0.04
27	7.97	2.12	4.60	1.10	3.37	1.01	0.58	0.61	0.54
28	0.00	0.00	0.00	0.00	0.00	0.00			
29	0.00	0.00	0.00	0.00	0.00	0.00			
30	0.00	0.00	0.00	0.00	0.00	0.00			
31	17.28	3.90	15.22	3.42	2.07	0.48	0.63	0.63	0.62
32	0.00	0.00	0.00	0.00	0.00	0.00			
33	0.00	0.00	0.00	0.00	0.00	0.00			
34	0.00	0.00	0.00	0.00	0.00	0.00			
35	0.00	0.00	0.00	0.00	0.00	0.00			
36	0.00	0.00	0.00	0.00	0.00	0.00			
37	0.00	0.00	0.00	0.00	0.00	0.00			
38	0.00	0.00	0.00	0.00	0.00	0.00			
39	0.00	0.00	0.00	0.00	0.00	0.00			
40	0.00	0.00	0.00	0.00	0.00	0.00			
41	0.00	0.00	0.00	0.00	0.00	0.00			
42	0.00	0.00	0.00	0.00	0.00	0.00			
43	0.00	0.00	0.00	0.00	0.00	0.00			
44	0.00	0.00	0.00	0.00	0.00	0.00			
45	0.00	0.00	0.00	0.00	0.00	0.00			
46	0.00	0.00	0.00	0.00	0.00	0.00			
47	0.00	0.00	0.00	0.00	0.00	0.00			
48	0.00	0.00	0.00	0.00	0.00	0.00			
49	0.00	0.00	0.00	0.00	0.00	0.00			


Figure 11, how D varies with the heterozygosity difference Bantu minus Japanese

	ALL		Major=A		Major=B
Het_dif	ABBA	BABA	ABBA	BABA	ABBA	BABA	D_ALL	D_MajorA	D_MajorB
0	1412.64	1319.77	795.65	516.95	616.99	802.82	0.03	0.21	-0.13
1	329.62	330.07	163.97	138.20	165.65	191.87	-0.00	0.09	-0.07
2	442.65	437.22	213.10	206.72	229.56	230.50	0.01	0.02	-0.00
3	493.48	517.00	239.56	232.63	253.92	284.37	-0.02	0.01	-0.06
4	600.96	654.99	293.03	308.76	307.93	346.23	-0.04	-0.03	-0.06
5	854.39	801.45	396.03	358.52	458.36	442.93	0.03	0.05	0.02
6	1223.18	1124.91	579.35	512.09	643.83	612.82	0.04	0.06	0.02
7	1564.12	1536.50	720.42	697.22	843.70	839.28	0.01	0.02	0.00
8	1991.18	1919.26	911.49	1032.03	1079.70	887.23	0.02	-0.06	0.10
9	2688.17	2528.36	1194.05	1247.28	1494.12	1281.08	0.03	-0.02	0.08
10	3667.34	3328.83	1603.03	1735.97	2064.30	1592.87	0.05	-0.04	0.13
11	4548.08	4015.14	1868.54	2050.73	2679.55	1964.41	0.06	-0.05	0.15
12	5520.94	5221.35	2257.03	2791.69	3263.89	2429.67	0.03	-0.11	0.15
13	6485.05	5978.55	2553.84	3252.18	3931.21	2726.38	0.04	-0.12	0.18
14	6981.02	6348.67	2783.04	3493.05	4197.98	2855.62	0.05	-0.11	0.19
15	7485.69	6886.18	2941.55	3929.66	4544.13	2956.51	0.04	-0.14	0.21
16	7717.74	7129.26	2938.86	4116.57	4778.88	3012.68	0.04	-0.17	0.23
17	7465.02	6684.39	2662.98	3833.85	4802.04	2850.53	0.06	-0.18	0.26
18	7720.96	7083.80	2847.02	4134.50	4873.94	2949.31	0.04	-0.18	0.25
19	7162.66	6404.76	2586.58	3884.65	4576.08	2520.10	0.06	-0.20	0.29
20	7350.96	6530.60	2584.21	3907.49	4766.76	2623.12	0.06	-0.20	0.29
21	6325.53	5623.38	2112.79	3375.88	4212.74	2247.49	0.06	-0.23	0.30
22	6100.79	5322.78	2036.11	3220.83	4064.68	2101.94	0.07	-0.23	0.32
23	5744.77	5256.68	2005.19	3321.35	3739.57	1935.33	0.04	-0.25	0.32
24	5135.82	4571.96	1699.44	2877.63	3436.37	1694.34	0.06	-0.26	0.34
25	4766.13	4350.85	1539.45	2773.21	3226.69	1577.64	0.05	-0.29	0.34
26	4645.97	3931.46	1508.91	2537.67	3137.05	1393.79	0.08	-0.25	0.38
27	4037.66	3566.55	1295.36	2286.23	2742.30	1280.32	0.06	-0.28	0.36
28	3731.75	3291.63	1138.43	2141.55	2593.32	1150.08	0.06	-0.31	0.39
29	3131.91	2814.35	988.33	1872.12	2143.58	942.23	0.05	-0.31	0.39
30	2807.24	2461.69	859.44	1630.30	1947.80	831.39	0.07	-0.31	0.40
31	2439.70	2182.55	706.64	1433.47	1733.06	749.08	0.06	-0.34	0.40
32	2573.10	2151.76	738.26	1441.21	1834.83	710.55	0.09	-0.32	0.44
33	1974.75	1840.30	640.73	1260.13	1334.02	580.17	0.04	-0.33	0.39
34	1761.83	1456.32	476.62	968.28	1285.21	488.04	0.09	-0.34	0.45
35	1661.43	1425.87	518.13	974.83	1143.30	451.04	0.08	-0.31	0.43
36	1271.39	1075.92	389.65	736.54	881.75	339.38	0.08	-0.31	0.44
37	1342.51	1188.93	370.88	793.93	971.64	395.00	0.06	-0.36	0.42
38	1118.80	952.45	280.19	656.81	838.61	295.64	0.08	-0.40	0.48
39	988.90	823.32	252.82	584.41	736.08	238.91	0.09	-0.40	0.51
40	960.70	785.23	281.97	522.17	678.73	263.05	0.10	-0.30	0.44
41	655.84	732.16	187.24	559.02	468.61	173.14	-0.05	-0.50	0.46
42	651.78	491.98	158.13	315.19	493.65	176.79	0.14	-0.33	0.47
43	715.22	511.61	173.79	337.40	541.43	174.20	0.17	-0.32	0.51
44	448.91	385.54	103.54	284.87	345.37	100.67	0.08	-0.47	0.55
45	506.95	375.49	123.59	266.45	383.37	109.05	0.15	-0.37	0.56
46	398.17	352.29	116.15	266.89	282.02	85.40	0.06	-0.39	0.54
47	383.34	364.15	86.88	264.21	296.45	99.94	0.03	-0.51	0.50
48	433.59	336.59	89.20	240.82	344.40	95.78	0.13	-0.46	0.56
49	292.65	314.25	70.10	230.55	222.55	83.70	-0.04	-0.53	0.45
50	227.27	202.53	49.29	149.70	177.98	52.83	0.06	-0.50	0.54
51	164.31	207.16	43.52	175.34	120.79	31.82	-0.12	-0.60	0.58
52	235.11	187.68	68.67	125.34	166.44	62.34	0.11	-0.29	0.46
53	108.26	91.93	21.65	69.21	86.62	22.71	0.08	-0.52	0.58
54	159.58	125.69	22.33	79.09	137.25	46.60	0.12	-0.56	0.49
55	102.31	106.33	20.85	87.38	81.47	18.95	-0.02	-0.61	0.62
56	104.69	52.79	7.01	30.93	97.67	21.86	0.33	-0.63	0.63
57	103.25	127.45	40.87	107.58	62.37	19.87	-0.10	-0.45	0.52
58	98.30	75.17	21.82	58.78	76.47	16.39	0.13	-0.46	0.65
59	55.63	70.23	9.28	61.68	46.35	8.55	-0.12	-0.74	0.69
60	72.37	104.34	26.27	92.67	46.10	11.66	-0.18	-0.56	0.60
61	60.73	28.46	10.69	20.22	50.04	8.25	0.36	-0.31	0.72
62	65.22	58.91	16.18	38.33	49.04	20.57	0.05	-0.41	0.41
63	65.68	41.48	10.40	25.37	55.28	16.11	0.23	-0.42	0.55
64	44.53	27.98	11.26	23.24	33.27	4.74	0.23	-0.35	0.75
65	42.24	26.68	4.75	16.45	37.49	10.23	0.23	-0.55	0.57
66	52.27	81.01	14.36	60.70	37.91	20.31	-0.22	-0.62	0.30
67	51.28	61.12	10.43	56.55	40.84	4.56	-0.09	-0.69	0.80
68	35.50	39.33	17.12	34.63	18.39	4.69	-0.05	-0.34	0.59
69	78.33	30.92	14.94	25.89	63.39	5.04	0.43	-0.27	0.85
70	21.23	17.09	1.96	16.41	19.27	0.68	0.11	-0.79	0.93
71	22.39	23.13	9.92	19.02	12.46	4.11	-0.02	-0.31	0.50
72	46.54	23.12	17.57	19.82	28.97	3.30	0.34	-0.06	0.80
73	15.14	7.86	1.04	5.26	14.10	2.60	0.32	-0.67	0.69
74	28.68	18.40	4.33	5.47	24.35	12.93	0.22	-0.12	0.31
75	45.40	29.64	5.41	18.93	39.99	10.71	0.21	-0.56	0.58
76	18.20	23.25	2.34	20.28	15.85	2.97	-0.12	-0.79	0.68
77	0.00	0.00	0.00	0.00	0.00	0.00			
78	7.06	15.27	6.79	15.27	0.27	0.00	-0.37	-0.38	1.00
79	5.73	9.18	2.81	7.33	2.93	1.85	-0.23	-0.45	0.23
80	8.52	8.92	4.07	7.08	4.45	1.84	-0.02	-0.27	0.42
81	0.00	0.00	0.00	0.00	0.00	0.00			
82	31.72	4.35	0.80	3.82	30.92	0.53	0.76	-0.65	0.97
83	0.00	0.00	0.00	0.00	0.00	0.00			
84	0.00	0.00	0.00	0.00	0.00	0.00			
85	0.00	0.00	0.00	0.00	0.00	0.00			
86	0.00	0.00	0.00	0.00	0.00	0.00			
87	0.00	0.00	0.00	0.00	0.00	0.00			
88	0.00	0.00	0.00	0.00	0.00	0.00			
89	30.60	0.25	0.00	0.16	30.60	0.09	0.98	-1.00	0.99
90	0.00	0.00	0.00	0.00	0.00	0.00			
91	0.00	0.00	0.00	0.00	0.00	0.00			
92	0.00	0.00	0.00	0.00	0.00	0.00			
93	0.00	0.00	0.00	0.00	0.00	0.00			
94	0.00	0.00	0.00	0.00	0.00	0.00			
95	0.00	0.00	0.00	0.00	0.00	0.00			
96	0.00	0.00	0.00	0.00	0.00	0.00			
97	0.00	0.00	0.00	0.00	0.00	0.00			
98	0.00	0.00	0.00	0.00	0.00	0.00			
99	0.00	0.00	0.00	0.00	0.00	0.00			


Figure S3, how branch length asymmetry varies with the heterozygosity difference Yoruba minus French

	C=A,N=A		C=A,N=B		C=B,N=A
C_dist	N>P1	N>P2	N>P1	N>P2	N>P1	N>P2	D'N(C=A,N=A)	D'N(C=A,N=B)	D'N(C=B,N=A)
-1.000	0.000	0.709	0.000	0.019	0.000	0.071	-1.000	-1.000	-1.000
-0.980	0.000	0.000	0.000	0.000	0.000	0.000			
-0.960	0.000	0.000	0.000	0.000	0.000	0.000			
-0.940	0.000	0.000	0.000	0.000	0.000	0.000			
-0.920	0.000	0.000	0.000	0.000	0.000	0.000			
-0.900	0.000	0.000	0.000	0.000	0.000	0.000			
-0.880	0.000	0.000	0.000	0.000	0.000	0.000			
-0.860	0.000	0.000	0.000	0.000	0.000	0.000			
-0.840	0.023	0.107	0.000	0.125	0.000	0.000	-0.650	-1.000	
-0.820	0.000	0.000	0.000	0.000	0.000	0.000			
-0.800	0.000	0.000	0.000	0.000	0.000	0.000			
-0.780	2.333	23.088	0.000	0.000	0.000	19.992	-0.816		-1.000
-0.760	0.000	0.000	0.000	0.000	0.000	0.000			
-0.740	2.253	15.006	0.000	0.000	0.048	13.059	-0.739		-0.993
-0.720	1.474	16.185	0.000	0.000	0.000	10.395	-0.833		-1.000
-0.700	2.164	18.515	0.000	1.002	0.114	13.153	-0.791	-1.000	-0.983
-0.680	1.987	9.584	0.000	0.154	0.000	9.151	-0.657	-1.000	-1.000
-0.660	0.205	0.894	0.000	0.296	0.000	0.036	-0.627	-1.000	-1.000
-0.640	1.117	9.590	0.000	0.179	0.068	7.004	-0.791	-1.000	-0.981
-0.620	3.298	9.317	0.139	0.000	0.000	7.866	-0.477	1.000	-1.000
-0.600	1.207	6.167	0.000	0.000	0.045	0.000	-0.673		1.000
-0.580	2.853	4.197	0.000	4.173	0.318	0.358	-0.191	-1.000	-0.059
-0.560	0.000	0.000	0.000	0.000	0.000	0.000			
-0.540	2.369	7.157	0.000	2.351	0.250	0.899	-0.503	-1.000	-0.565
-0.520	3.684	3.822	0.000	0.071	0.187	0.019	-0.018	-1.000	0.820
-0.500	9.933	32.295	0.250	3.179	0.318	9.560	-0.530	-0.854	-0.936
-0.480	5.353	10.654	0.000	5.403	0.207	0.250	-0.331	-1.000	-0.095
-0.460	15.284	51.406	0.341	0.681	0.045	10.333	-0.542	-0.333	-0.991
-0.440	10.963	8.997	0.000	15.976	0.455	0.232	0.099	-1.000	0.324
-0.420	8.025	6.291	0.000	7.509	0.163	0.130	0.121	-1.000	0.115
-0.400	15.574	24.463	0.000	16.828	0.432	0.518	-0.222	-1.000	-0.091
-0.380	15.119	31.196	0.114	14.286	0.068	2.982	-0.347	-0.984	-0.955
-0.360	34.103	30.450	0.273	27.411	1.275	0.643	0.057	-0.980	0.330
-0.340	52.228	84.789	0.886	12.275	1.936	9.091	-0.238	-0.865	-0.649
-0.320	69.974	78.117	0.683	20.894	1.212	13.019	-0.055	-0.937	-0.830
-0.300	81.111	65.423	5.664	29.546	1.899	8.607	0.107	-0.678	-0.638
-0.280	91.298	95.323	0.319	47.075	2.848	9.813	-0.022	-0.987	-0.550
-0.260	139.854	167.206	1.342	41.069	8.022	21.617	-0.089	-0.937	-0.459
-0.240	221.615	236.227	1.775	77.805	10.278	24.688	-0.032	-0.955	-0.412
-0.220	266.918	264.255	3.163	89.567	10.267	18.728	0.005	-0.932	-0.292
-0.200	356.014	370.763	3.919	76.414	11.811	40.789	-0.020	-0.902	-0.551
-0.180	436.784	384.189	3.483	90.854	15.052	25.716	0.064	-0.926	-0.262
-0.160	569.419	521.440	8.036	102.282	20.188	51.995	0.044	-0.854	-0.441
-0.140	958.199	799.349	15.337	165.803	38.726	67.263	0.090	-0.831	-0.269
-0.120	1165.957	916.203	20.161	150.258	49.861	60.947	0.120	-0.763	-0.100
-0.100	1508.973	1209.122	26.244	159.682	58.050	74.737	0.110	-0.718	-0.126
-0.080	2280.610	1647.882	41.089	227.932	95.482	91.103	0.161	-0.695	0.023
-0.060	3627.183	2426.952	63.773	310.666	151.429	115.843	0.198	-0.659	0.133
-0.040	4577.692	2849.720	86.994	375.366	207.505	135.823	0.233	-0.624	0.209
-0.020	6478.525	3825.960	140.162	459.642	313.569	153.187	0.257	-0.533	0.344
0.000	8568.484	4701.042	195.837	513.890	445.478	171.180	0.291	-0.448	0.445
0.020	11284.363	5647.172	270.235	563.198	592.817	188.351	0.333	-0.352	0.518
0.040	13050.517	6027.501	354.354	593.378	742.559	209.236	0.368	-0.252	0.560
0.060	14915.200	6473.197	415.863	554.262	923.482	213.257	0.395	-0.143	0.625
0.080	16066.579	6345.363	540.721	539.931	1100.700	196.430	0.434	0.001	0.697
0.100	16122.046	6103.800	554.164	457.512	1139.063	177.402	0.451	0.096	0.730
0.120	16025.143	5709.900	569.621	428.085	1204.893	170.250	0.475	0.142	0.752
0.140	14875.969	4962.213	554.821	348.097	1218.498	135.654	0.500	0.229	0.800
0.160	13617.013	4496.857	560.655	291.689	1175.243	118.079	0.503	0.316	0.817
0.180	12963.822	4036.601	622.176	251.363	1167.237	128.096	0.525	0.424	0.802
0.200	10533.985	3171.296	502.977	179.104	979.072	89.829	0.537	0.475	0.832
0.220	9567.260	2777.679	495.589	135.138	964.458	77.283	0.550	0.571	0.852
0.240	9056.034	2452.340	424.292	144.328	992.837	65.600	0.574	0.492	0.876
0.260	7929.466	2113.656	434.825	127.633	868.091	59.774	0.579	0.546	0.871
0.280	7233.028	1840.853	388.259	84.331	868.272	48.484	0.594	0.643	0.894
0.300	5854.645	1476.673	358.537	73.336	720.429	41.064	0.597	0.660	0.892
0.320	5383.499	1330.961	358.142	65.257	675.467	37.021	0.604	0.692	0.896
0.340	4858.574	1170.244	300.319	54.292	596.822	30.578	0.612	0.694	0.903
0.360	4130.664	938.084	244.795	38.713	549.971	21.258	0.630	0.727	0.926
0.380	3673.424	869.605	316.406	37.258	453.943	22.743	0.617	0.789	0.905
0.400	3176.643	711.160	214.721	26.099	430.169	18.193	0.634	0.783	0.919
0.420	2681.649	580.005	217.237	22.371	372.273	14.842	0.644	0.813	0.923
0.440	2580.040	540.751	188.009	24.821	357.540	12.370	0.653	0.767	0.933
0.460	1907.669	393.231	140.132	11.400	234.937	8.390	0.658	0.850	0.931
0.480	2203.069	440.954	158.038	14.079	328.698	9.750	0.666	0.836	0.942
0.500	1815.650	357.570	122.943	11.832	277.001	7.210	0.671	0.824	0.949
0.520	1595.862	320.703	156.363	7.496	228.373	6.703	0.665	0.909	0.943
0.540	1601.499	282.591	123.410	9.796	218.929	4.806	0.700	0.853	0.957
0.560	1295.348	218.157	123.551	6.842	254.343	3.360	0.712	0.895	0.974
0.580	944.255	172.505	115.310	4.970	131.553	2.773	0.691	0.917	0.959
0.600	1049.828	164.381	134.128	5.571	184.372	3.517	0.729	0.920	0.963
0.620	837.846	139.167	95.039	3.295	149.969	2.168	0.715	0.933	0.971
0.640	800.329	111.913	78.773	1.718	195.813	2.128	0.755	0.957	0.978
0.660	523.688	87.026	101.587	0.503	88.360	1.412	0.715	0.990	0.969
0.680	654.865	92.595	81.122	3.150	98.133	1.575	0.752	0.925	0.968
0.700	332.551	50.938	43.941	0.484	53.237	0.932	0.734	0.978	0.966
0.720	535.545	82.983	80.016	1.422	80.561	1.286	0.732	0.965	0.969
0.740	424.244	48.431	59.168	1.557	95.959	1.360	0.795	0.949	0.972
0.760	338.922	43.533	47.740	0.429	65.706	1.134	0.772	0.982	0.966
0.780	278.219	30.140	53.233	0.250	45.639	0.667	0.805	0.991	0.971
0.800	290.221	33.517	47.964	0.161	69.169	0.232	0.793	0.993	0.993
0.820	161.304	11.660	16.344	0.071	54.109	0.071	0.865	0.991	0.997
0.840	119.414	11.964	18.959	0.000	21.926	0.179	0.818	1.000	0.984
0.860	83.092	6.636	10.890	0.000	35.790	0.090	0.852	1.000	0.995
0.880	187.630	14.975	39.349	0.018	50.885	0.197	0.852	0.999	0.992
0.900	47.836	3.154	13.511	0.000	10.785	0.019	0.876	1.000	0.996
0.920	54.951	2.449	19.056	0.000	12.485	0.036	0.915	1.000	0.994
0.940	0.000	0.000	0.000	0.000	0.000	0.000			
0.960	7.320	0.286	11.957	0.000	0.409	0.000	0.925	1.000	1.000
0.980	0.000	0.000	0.000	0.000	0.000	0.000			
